ID,entryDescription,orgaName,businessActivities,lobbyingOrgaType,lobbyists,lobbyingRevenue,lobbyingRequests,numLobbyists,lobbyingCostsGreater100000,lobbyingCosts,registryNumber,companyRegisterNumber,suborganisations,legalFoundation,codeOfConduct,registeredOffice,website,postalAddress,lastUpdate,dateAnnounced,businessYearStart,url
4,"Advocacy Advisors GmbH (operative Tätigkeit mit 30.11.2013 eingestellt), Wien, (367962x)",Advocacy Advisors GmbH (operative Tätigkeit mit 30.11.2013 eingestellt),Public Affairs und Public Relations Beratung,A1,"Mag. Christian Thonke (TT.MM.1974),","11125,00",4,1,,,LIVR-00036,367962x,,,ÖPAV,Wien,http://www.advocacy-advisors.eu,"Am Heumarkt 7, Stiege 7, Top 79, AT-1030 Wien",11/24/2014 0:00:00,3/18/2013 0:00:00,1.7.,http://www.lobbyreg.justiz.gv.at/edikte/ir/iredi18.nsf/alldoc/02a9b03d75ce24e3c1257b3200546b91!OpenDocument
5,"AFPA Austrian Financial & Insurance Professionals Association - Verein der Österrichischen Finanz- und Versicherungs-Professionisten, kurz AFPA, Mooslackengasse 17, AT-1190 Wien","AFPA Austrian Financial &amp; Insurance Professionals Association - Verein der Österrichischen Finanz- und Versicherungs-Professionisten, kurz AFPA",AFPA ist ein Verein mit Sitz in Wien. Zweck ist die Förderung der gemeinsamen Interessen der österreichischen selbständigen Finanzberater und Versicherungsvermittler,A1,"Johannes Muschik (TT.MM.1971),","0,00",0,1,,,LIVR-00458,,,,Verhaltenskodex der AFPA für Lobbying,"Mooslackengasse 17, AT-1190 Wien",http://www.afpa.at,"Mooslackengasse 17, AT-1190 Wien",4/13/2015 0:00:00,4/13/2015 0:00:00,1.1.,http://www.lobbyreg.justiz.gv.at/edikte/ir/iredi18.nsf/alldoc/02cdd0c1f2847776c1257e26003e2a71!OpenDocument
6,"Aggurat Communications Advisors GmbH, Brunn am Gebirge, (358251s)",Aggurat Communications Advisors GmbH,"PR, Events und Public Affairs",A1,"Mag. Ortrun Gauper (TT.MM.1969), Theresa Gral MA - nicht mehr im Unternehmen tätig (TT.MM.1987), Alexa Jirez - nicht mehr im Unternehmen tätig (TT.MM.1976),","217500,00",12,3,,,LIVR-00045,358251s,,,ÖPAV,Brunn am Gebirge,,"Wällischhofstraße 21, 2345 Brunn am Gebirge",2/17/2016 0:00:00,3/25/2013 0:00:00,1.1.,http://www.lobbyreg.justiz.gv.at/edikte/ir/iredi18.nsf/alldoc/efcab349487bedacc1257b390045bdff!OpenDocument
8,"Alba Communications GmbH, Wien, (384615k)",Alba Communications GmbH,Kommunikationsberatung,A1,"Reinhold Gmeinbauer (TT.MM.1963),","20000,00",1,1,,,LIVR-00535,384615k,,,ÖPAV,Wien,http://albacommunications.at,"Wipplingerstraße 20, 1010 Wien",2/17/2016 0:00:00,2/17/2016 0:00:00,1.1.,http://www.lobbyreg.justiz.gv.at/edikte/ir/iredi18.nsf/alldoc/55d4b690cc0703a3c1257f5c004ab98c!OpenDocument
28,"Baumgartner Mag. Imma Veronika, Wien",Baumgartner Mag. Imma Veronika,Unternehmensberatung ,A1,"Imma Baumgartner (TT.MM.1957),","1287,50",1,1,,,LIVR-00167,,,,ALPAC,Wien,https://www.public-affairs-agency.net,"Gumpendorfer Straße 56, c/o Public Affairs Agency, AT-1060 Wien",10/29/2015 0:00:00,4/5/2013 0:00:00,01.04.,http://www.lobbyreg.justiz.gv.at/edikte/ir/iredi18.nsf/alldoc/4e733d81a18507adc1257b44002b1531!OpenDocument
33,"Berger Dr. Elisabeth, Wien",Berger Dr. Elisabeth,Interssensvertretung und Öffentlichkeitsarbeit,A1,"Dr.Elisabeth Berger (TT.MM.1961), Ing.Paul Zobl (TT.MM.1951),","50000,00",14,2,,,LIVR-00019,,,,ÖPAV Verhaltenskodex,Wien,http://www.bergercom.at/,"Viktoriagasse 14 a, 1150 Wien",11/23/2015 0:00:00,2/27/2013 0:00:00,1.1.,http://www.lobbyreg.justiz.gv.at/edikte/ir/iredi18.nsf/alldoc/4ce9663a36049fd8c1257b1f002ae753!OpenDocument
34,"bettertogether GmbH, Wien, (255396h)",bettertogether GmbH,"Public Relations, Public Affairs, Trainings, Krisenkommunikation",A1,"Michael Korbel (TT.MM.1979), Martin Voill (TT.MM.1964), Catherina Straub (TT.MM.1968),","0,00",0,3,,,LIVR-00328,255396h,,,"PRVA, ÖPAV",Wien,http://www.bettertogether.at,"Lindengasse 26, AT-1070 Wien",12/10/2015 0:00:00,10/15/2013 0:00:00,01.10.,http://www.lobbyreg.justiz.gv.at/edikte/ir/iredi18.nsf/alldoc/0bc832987009f99bc1257c05002cc376!OpenDocument
35,"Bettschart & Kofler Kommunikationsberatung GmbH, Kleinmutschen 71, AT-7452 Unterpullendorf, (178872y)",Bettschart &amp; Kofler Kommunikationsberatung GmbH,"Öffentlichkeitsarbeit, Public Relations, Public Affairs, Lobbying",A1,"Mag. Roland Bettschart (TT.MM.1955), Dr. Birgit Kofler-Bettschart (TT.MM.1965),","41000,00",2,2,,,LIVR-00082,178872y,,,"Athener Kodex, ÖPAV","Kleinmutschen 71, AT-7452 Unterpullendorf",http://www.bkkommunikation.com,"Liechtensteinstr. 46a, AT-1090 Wien",11/3/2015 0:00:00,3/29/2013 0:00:00,01.01.,http://www.lobbyreg.justiz.gv.at/edikte/ir/iredi18.nsf/alldoc/780d29cedc1c725ec1257b3d003eba8a!OpenDocument
38,"bit NC Network Computing GmbH, 1010 Wien, Seilergasse 6/8, (158219a)",bit NC Network Computing GmbH,Beratung im Ö und int. Gesundheitswesen<br/>Strategieberatung<br/>Lobbying,A1,"Dieter Steup (TT.MM.1973), Rene Lehninger (TT.MM.1975), Gerhard Lehninger (TT.MM.1948),","8000,00",2,3,,,LIVR-00285,158219a,,,siehe www.bitnc.at,"1010 Wien, Seilergasse 6/8",http://www.bitnc.at,"Seilergasse 6/8, AT-1010 Wien",3/18/2015 0:00:00,6/10/2013 0:00:00,01.04.,http://www.lobbyreg.justiz.gv.at/edikte/ir/iredi18.nsf/alldoc/1aa549fe08b9bd52c1257b860024717e!OpenDocument
39,"Blachfellner Walter Franz, Fischbachstraße 63, 5020 Salzburg",Blachfellner Walter Franz,Öffentlichkeitsarbeit und Unternehmensberatung<br/>Hilfestellung für Personen und Unternehmen,A1,"Walter Blachfellner (TT.MM.1952),","0,00",0,1,,,LIVR-00376,,,,ALPAC,"Fischbachstraße 63, 5020 Salzburg",,"Markt 48, AT-5450 Werfen",4/4/2016 0:00:00,4/1/2014 0:00:00,01.01.,http://www.lobbyreg.justiz.gv.at/edikte/ir/iredi18.nsf/alldoc/a3c3a181373c0c80c1257cad004d7645!OpenDocument
42,"BRAINBOWS Informationsmanagement GmbH, Köllnerhofgasse 6/3/10, AT-1010 Wien, (196692d)",BRAINBOWS Informationsmanagement GmbH,"Zu unseren Leistungen gehören u. a. die Begleitung und Implementierung von Nachhaltigkeitsstrategien und die Erstellung von Nachhaltigkeitsberichten, die strategische Kommunikationsberatung, die Expertise zu den Bereichen Energie und Klimaschutz sowie die Abwicklung von Kommunikations-Foren und Veranstaltungen.",A1,"Mag. Christian Nohel (TT.MM.1961), Monika Langthaler MSc (TT.MM.1965), Mag. Martin Weishäupl (TT.MM.1971),","23000,00",2,3,,,LIVR-00330,196692d,,,WKO Werbung- Marktkommunikation,"Köllnerhofgasse 6/3/10, AT-1010 Wien",https://www.brainbows.com,"Köllnerhofgasse 6/3/10, AT-1010 Wien",10/5/2015 0:00:00,10/28/2013 0:00:00,01.01.,http://www.lobbyreg.justiz.gv.at/edikte/ir/iredi18.nsf/alldoc/385fdef41cde0de2c1257c120044e130!OpenDocument
44,"Brunswick, Group Office Austria & CEE (Brunswick Austria & CEE GmbH) , Wien, Österreich, (317608x)","Brunswick, Group Office Austria &amp; CEE (Brunswick Austria &amp; CEE GmbH) ",Strategieberatung für Kommunikation,A1,"Ronald Schranz (TT.MM.1958), Mag. Oliver Huber (TT.MM.1970), Mag. Alexander Kleedorfer (TT.MM.1966),","342000,00",4,3,,,LIVR-00083,317608x,,,Brunswick Public Affairs Code<br/>EU Code of Conduct for Interest Representatives ,"Wien, Österreich",http://www.brunswickgroup.com,"Concordia Haus, Bankgasse 8, 1010 Wien",4/4/2016 0:00:00,3/29/2013 0:00:00,01.03.,http://www.lobbyreg.justiz.gv.at/edikte/ir/iredi18.nsf/alldoc/93742c5065c44e6bc1257b3d003ec5dc!OpenDocument
48,"CDC - Christian Domany Consulting, Wien",CDC - Christian Domany Consulting,Unternehmens- und Kommunikationsberatung,A1,"Mag. Christian Domany (TT.MM.1952),","14457,00",1,1,,,LIVR-00149,,,,"Verhaltenskodex Lobbying &amp; Public Affairs des Fachverbandes für Werbung und Marktkommunikation der Wirtschaftskammer Österreich, Stand Oktober 2012",Wien,,"Karolinengasse 18/20, AT-1040 Wien",10/12/2015 0:00:00,4/2/2013 0:00:00,01.01.,http://www.lobbyreg.justiz.gv.at/edikte/ir/iredi18.nsf/alldoc/486ec36b414c4bf9c1257b4100300187!OpenDocument
49,"ChangeTank Projekt GmbH, Wien, (403910k)",ChangeTank Projekt GmbH,"Öffentlichkeitsarbeit, Projektmanagement, PR und Lobbying",A1,"Klemens Riegler-Picker (TT.MM.1970),",,,1,,,LIVR-00382,403910k,,,http://www.oepav.at/de/verhaltenskodex/,Wien,,"Garnisongasse 7/17, AT-1090 Wien",5/5/2014 0:00:00,5/5/2014 0:00:00,1.1.,http://www.lobbyreg.justiz.gv.at/edikte/ir/iredi18.nsf/alldoc/a8319fcb2de393a6c1257ccf0037b24c!OpenDocument
50,"Christian Scheucher Consulting GmbH, Furtherstraße 23, AT-2564 Weissenbach an der Triesting, (258767s)",Christian Scheucher Consulting GmbH,Interessenvertretung für Unternehmen gegenüber der Verwaltung und öffentlichen Stellen,A1,"Christian Scheucher (TT.MM.1964),","100000,00",4,1,,,LIVR-00421,258767s,,,WKO,"Furtherstraße 23, AT-2564 Weissenbach an der Triesting",,"Furtherstraße 23, AT-2564 Weissenbach an der Triesting",11/3/2015 0:00:00,10/21/2014 0:00:00,01.01.,http://www.lobbyreg.justiz.gv.at/edikte/ir/iredi18.nsf/alldoc/28fac620eb8c5b26c1257d78003181dc!OpenDocument
52,"communication matters Kollmann & Partner Public Relations GmbH, Wien, (181762y)",communication matters Kollmann &amp; Partner Public Relations GmbH,Public Relations- und Public Affairs-Beratung,A1,"Christian Kollmann (TT.MM.1961), Mag. Dagmar Hemmer (TT.MM.1972), Mag. David Feiler (TT.MM.1983), Mag. Christina Weichselbaumer (TT.MM.1979), Nicolas Stella  (TT.MM.1990),","280000,00",6,5,,,LIVR-00024,181762y,,,ÖPAV,Wien,http://www.communicationmatters.at,"Kolschitzkygasse 15/14, AT-1040 Wien",2/29/2016 0:00:00,3/4/2013 0:00:00,1.1.,http://www.lobbyreg.justiz.gv.at/edikte/ir/iredi18.nsf/alldoc/414f18292d04403cc1257b24003e570d!OpenDocument
53,"Conclusio PR Beratungs Gesellschaft m.b.H., Graz, (062212p)",Conclusio PR Beratungs Gesellschaft m.b.H.,"PR-Beratung, Public Affairs und Lobbying",A1,"Martin Novak (TT.MM.1961),","0,00",0,1,,,LIVR-00171,062212p,,,"Verhaltenskodex der Österreichischen Public Affairs Vereinigung (ÖPAV, Ehrenkodex des PRVA, Verhaltenskodex Lobbying und Public Affairs (WKO)",Graz,http://www.conclusio.at,"Schmiedgasse 38, AT-8010 Graz",4/5/2013 0:00:00,4/5/2013 0:00:00,01.01.,http://www.lobbyreg.justiz.gv.at/edikte/ir/iredi18.nsf/alldoc/c4611f208ecd6090c1257b44002b55c2!OpenDocument
54,"Create Connections Networking & Lobbying GmbH, Wiedner Hauptstraße 15/Stg.2/4.OG, AT-1040 Wien, (230795f)",Create Connections Networking &amp; Lobbying GmbH,PR- und Networkingagentur,A1,"David Ungar-Klein (TT.MM.1971),","0,00",0,1,,,LIVR-00259,230795f,,,Verhaltenskodex Create Connections,"Wiedner Hauptstraße 15/Stg.2/4.OG, AT-1040 Wien",http://www.create-connections.com,"Wiedner Hauptstraße 15/Stg.2/4.OG, AT-1040 Wien",12/15/2014 0:00:00,4/29/2013 0:00:00,01.08.,http://www.lobbyreg.justiz.gv.at/edikte/ir/iredi18.nsf/alldoc/25f20c27e497902ec1257b5c00273c49!OpenDocument
55,"Czipin Ventures Management GmbH (mit 20.10.15 gelöscht, keine weiteren Lobbying-Tätigkeiten mehr) , Kochgasse 14/3, AT-1080 Wien, (276362s)","Czipin Ventures Management GmbH (mit 20.10.15 gelöscht, keine weiteren Lobbying-Tätigkeiten mehr) ","Unternehmensberatung, Lobbying",A1,"Mag. Alois Czipin (TT.MM.1956),","0,00",0,1,,,LIVR-00292,276362s,,,"WKO Verhaltenskodex Lobbying &amp; Public Affairs,<br/>Stand Oktober 2012","Kochgasse 14/3, AT-1080 Wien",http://www.czipin.com/,"Kochgasse 14/3, AT-1080 Wien",11/3/2015 0:00:00,6/24/2013 0:00:00,1.1.,http://www.lobbyreg.justiz.gv.at/edikte/ir/iredi18.nsf/alldoc/e7aac98888293a83c1257b940025a06d!OpenDocument
56,"Daniel Kapp Strategic Consulting & Responsible Communication Ges.m.b.H., Tuchlauben 8, 2. Stock, AT-1010 Wien, (391953b)",Daniel Kapp Strategic Consulting &amp; Responsible Communication Ges.m.b.H.,"Unternehmensberatung inkl. der Unternehmensorganisation, PR-Berater, Public Affairs",A1,"Daniel Kapp (TT.MM.1968), Mag. Michaela Hebein (TT.MM.1981),","70000,00",2,2,,,LIVR-00337,391953b,,,"FCPA, http://www.danielkapp.at/downloads/verhaltenskodex.pdf","Tuchlauben 8, 2. Stock, AT-1010 Wien",http://www.danielkapp.at,"Tuchlauben 8, 2. Stock, AT-1010 Wien",7/6/2015 0:00:00,12/2/2013 0:00:00,01.01.,http://www.lobbyreg.justiz.gv.at/edikte/ir/iredi18.nsf/alldoc/de8c07a3a7ed4a4fc1257c3500351647!OpenDocument
58,"Directio GmbH, Neudeggergasse 17/24, AT-1080 Wien, (310826y)",Directio GmbH,Lobbying und Kommunikationsberatung,A1,"Mag. Christian Gehrer (TT.MM.1970), Mag. Lucia Urban (TT.MM.1979),","20000,00",1,2,,,LIVR-00298,310826y,,,WKO Fachverband Werbung und Marktkommunikation,"Neudeggergasse 17/24, AT-1080 Wien",,"Neudeggergasse 17/24, AT-1080 Wien",11/9/2015 0:00:00,7/19/2013 0:00:00,01.03.,http://www.lobbyreg.justiz.gv.at/edikte/ir/iredi18.nsf/alldoc/5df34ffef11099f6c1257bad002e9ac4!OpenDocument
59,"Dworak Oliver Dipl.-Ing. - AGENDA Public Affairs & Management Consulting, Gamgasse 5, AT-1130 Wien",Dworak Oliver Dipl.-Ing. - AGENDA Public Affairs &amp; Management Consulting,- Interessenvertretung &amp; Politikberatung<br/>- Stakeholderdialog &amp; Kommunikation<br/>- Verbandsmanagement &amp; Organisationsentwicklung<br/>- Führungsqualität &amp; Personalentwicklung,A1,"Dipl.-Ing. Oliver Dworak (8.MM.1959),","10800,00",1,1,,,LIVR-00453,,,,ÖPAV (über Mitgliedschaft),"Gamgasse 5, AT-1130 Wien",http://www.agenda-group.eu,"Gamgasse 5, AT-1130 Wien",3/7/2016 0:00:00,3/30/2015 0:00:00,01.01.,http://www.lobbyreg.justiz.gv.at/edikte/ir/iredi18.nsf/alldoc/e4fc6331c615f29bc1257e18004b773b!OpenDocument
60,"Ecker & Partner Öffentlichkeitsarbeit und Public Affairs GmbH, Österreich, (172009f)",Ecker &amp; Partner Öffentlichkeitsarbeit und Public Affairs GmbH,"Öffentlichkeitsarbeit, Public Relations, Public Affairs, Lobbying",A1,"Mag. Axel Zuschmann (TT.MM.1964), Mag. Nicole Bäck-Knapp (TT.MM.1972), Mag. Dietmar Ecker (TT.MM.1964), Mag. Kathrin Rauscher (TT.MM.1981), Anna Harmer  (TT.MM.1975),","72580,00",2,5,,,LIVR-00020,172009f,,,VERHALTENSKODEX für Lobbying und Public Affairs<br/>der ÖPAV,Österreich,,"Goldeggasse 7/Hoftrakt, AT-1040 Wien",10/29/2015 0:00:00,2/27/2013 0:00:00,01.01.,http://www.lobbyreg.justiz.gv.at/edikte/ir/iredi18.nsf/alldoc/3408505f610c7158c1257b1f002b0174!OpenDocument
74,"Fine Facts Communication OG, Salztorgasse 7/9, AT-1010 Wien, (406849h)",Fine Facts Communication OG,"Public/Political Affairs, PR, Positionierung mit Fokus Gesundheitswesen",A1,"Mag. Alexander Schauflinger MA (TT.MM.1979), Mag. Uta Carstanjen (TT.MM.1982),","0,00",0,2,,,LIVR-00436,406849h,,,PRVA Ehrenkodex,"Salztorgasse 7/9, AT-1010 Wien",http://www.finefacts.at,"Salztorgasse 7/9, AT-1010 Wien",10/29/2015 0:00:00,12/10/2014 0:00:00,1.1.,http://www.lobbyreg.justiz.gv.at/edikte/ir/iredi18.nsf/alldoc/3e0e7c2ec8db2d0ac1257daa003fd75c!OpenDocument
77,"Franz Fischler Consult GmbH, Dörferstraße 30b, A-6067 Absam, (249912v)",Franz Fischler Consult GmbH,"Beratung von öffentlichen Institutionen und privaten Firmen<br/>Hilfestellungen in verschiedenen europäischen Verfahren<br/>Vermittlung von Kontakten zwischen öffentlichen Einrichtungen und privaten Firmen ,sowie Personen",A1,"DI Dr. Franz Fischler (TT.MM.1946),","0,00",0,1,,,LIVR-00364,249912v,,,ich befolge den von der EU aufgestellten Kodex für Lobbyisten,"Dörferstraße 30b, A-6067 Absam",,"Dörferstraße 30 b, AT-6067 Absam",11/3/2015 0:00:00,2/17/2014 0:00:00,01.01.,http://www.lobbyreg.justiz.gv.at/edikte/ir/iredi18.nsf/alldoc/960206a343ceb24dc1257c8200357e83!OpenDocument
78,"Gaisberg Consulting GmbH, Wien, (348193z)",Gaisberg Consulting GmbH,Kommunikationsberatung,A1,"Alfred Autischer (TT.MM.1958), Sandra Luger (TT.MM.1975), Verena Nowotny (TT.MM.1967), Paul Trummer (TT.MM.1980),","0,00",0,4,,,LIVR-00318,348193z,,,"Wir halten uns strikt an die Richtlinien und Normen folgender Verbände: PRVA, ÖPAV, Society of European Affairs, Deutsche Gesellschaft für Politikberatung, Code d’Athènes sowie Code de Lisbonne.",Wien,http://www.gaisberg.eu,"Lugeck 4, AT-1010 Wien",11/9/2015 0:00:00,9/9/2013 0:00:00,01.01.,http://www.lobbyreg.justiz.gv.at/edikte/ir/iredi18.nsf/alldoc/9d4b35598127c6aac1257be1002b7702!OpenDocument
80,"Gehrer Plötzeneder DDWS Corporate Advisors GmbH, Kärntnerstraße 7/2, AT-1010 Wien, (230508h)",Gehrer Plötzeneder DDWS Corporate Advisors GmbH,Public-Relations-Beratung/Unternehmensberatung/Unternehmensorganisation,A1,"Mag. Thomas Plötzeneder (TT.MM.1964), Mag. Christian Gehrer (TT.MM.1970), Mag. Lucia Urban (TT.MM.1979),","25000,00",1,3,,,LIVR-00299,230508h,,,WKO Fachverband Werbung und Marktkommunikation,"Kärntnerstraße 7/2, AT-1010 Wien",,"Kärntnerstraße 7/2, AT-1010 Wien",11/9/2015 0:00:00,7/19/2013 0:00:00,01.03.,http://www.lobbyreg.justiz.gv.at/edikte/ir/iredi18.nsf/alldoc/4dbe1881abe2cebdc1257bad002ea656!OpenDocument
86,"GPK Advertising GmbH (Eintrag am 20.03.2015 erfolgte vorsorglich und erwies sich als nicht notwendig, da keinerlei Lobbying-Tätigkeiten durchgeführt wurden), Gußhausstraße 14/2, AT-1040 Wien, (396032a)","GPK Advertising GmbH (Eintrag am 20.03.2015 erfolgte vorsorglich und erwies sich als nicht notwendig, da keinerlei Lobbying-Tätigkeiten durchgeführt wurden)","Werbung, Public Relations und Marketing",A1,"Markus Gruber (TT.MM.1964),","0,00",0,1,,,LIVR-00451,396032a,,,Der Verhaltenskodex (WKO Fachverband Werbung und Marktkommunikation) ist auf der Website veröffentlicht: http://www.gpk.at/de/impressum/impressum/gpk-impressum.html,"Gußhausstraße 14/2, AT-1040 Wien",http://www.gpk.at,"Gußhausstraße 14/2, AT-1040 Wien",12/23/2015 0:00:00,3/25/2015 0:00:00,01.01.,http://www.lobbyreg.justiz.gv.at/edikte/ir/iredi18.nsf/alldoc/0b77ca16abcd3565c1257e130044abb6!OpenDocument
87,"GRADUS PROXIMUS Corporate Advisory GmbH, Wiedner Hauptstraße 17/8, AT-1040 Wien, (391002d)",GRADUS PROXIMUS Corporate Advisory GmbH,Unternehmensberatung,A1,"Mag. Thomas Zach (TT.MM.1972),","15000,00",1,1,,,LIVR-00441,391002d,,,Der Verhaltenskodex ist auf der Website veröffentlicht: http://gradus-proximus.at/GradusProximus_AGB-Verhaltenskodex_2014.pdf,"Wiedner Hauptstraße 17/8, AT-1040 Wien",http://www.gradus-proximus.com,"Wiedner Hauptstraße 17/8, AT-1040 Wien",10/5/2015 0:00:00,1/19/2015 0:00:00,01.01.,http://www.lobbyreg.justiz.gv.at/edikte/ir/iredi18.nsf/alldoc/f8550ce55dd3a970c1257dd200371a80!OpenDocument
88,"Grayling Austria GmbH, Wien, (197698h)",Grayling Austria GmbH,"Public Relations, Public Affairs, Investor Relations",A1,"Mag. Sigrid Krupica (TT.MM.1964), Dr. Christof Zernatto (TT.MM.1949),","45000,00",1,2,,,LIVR-00041,197698h,,,"PRVA, ÖPAV",Wien,http://www.grayling.at,"Siebensterngasse 31, AT-1070 Wien",12/10/2014 0:00:00,3/25/2013 0:00:00,1.1.,http://www.lobbyreg.justiz.gv.at/edikte/ir/iredi18.nsf/alldoc/446d5537dae65848c1257b39004560e6!OpenDocument
90,"Gürtler-Kraus Nicole, Landstraßer Hauptstraße 88/17, AT-1030 Wien",Gürtler-Kraus Nicole,"Public Relations, Public Affairs",A1,"Nicole Guertler-Kraus (TT.MM.1967),","0,00",0,1,,,LIVR-00078,,,,Code d´Athènes<br/>Code de Lisbonne,"Landstraßer Hauptstraße 88/17, AT-1030 Wien",,"Landstraßer Hauptstraße 88/17, AT-1030 Wien",11/9/2015 0:00:00,3/29/2013 0:00:00,01.01.,http://www.lobbyreg.justiz.gv.at/edikte/ir/iredi18.nsf/alldoc/118993fd4813eb4ec1257b3d003e932e!OpenDocument
91,"Hartinger-Klein Consulting GesmbH, Wien, (363462d)",Hartinger-Klein Consulting GesmbH,"Unternehmensberatung, Strategieberatung, Controlling, Lobbying",A1,"Mag. Beate Hartinger-Klein (TT.MM.1959),","5000,00",1,1,,,LIVR-00023,363462d,,,ÖPAV,Wien,,"Hintzerstraße 3, AT-1030 Wien",10/12/2015 0:00:00,3/4/2013 0:00:00,1.5.,http://www.lobbyreg.justiz.gv.at/edikte/ir/iredi18.nsf/alldoc/82b677ba115efa71c1257b24003e4ef6!OpenDocument
92,"Hauska & Partner GmbH, Wien, (295785d)",Hauska &amp; Partner GmbH,Corporate Relations Beratung,A1,"Leo Hauska (TT.MM.1956), Elisabeth Gail (TT.MM.1984),","13450,00",1,2,,,LIVR-00042,295785d,,,"Wir orientieren uns am Verhaltenskodex „Lobbying &amp; Public Affairs“, den die Wirtschaftskammer Österreich entwickelte. Sie finden diesen auch auf unserer Website: http://www.hauska.com/de/leistungen/public-affairs-lobbying.html",Wien,http://www.hauska.com/,"Kärntner Strasse 21-23, AT-1010 Wien",10/29/2015 0:00:00,3/25/2013 0:00:00,01.01.,http://www.lobbyreg.justiz.gv.at/edikte/ir/iredi18.nsf/alldoc/e7ea9d7c23884e83c1257b3900456a6b!OpenDocument
93,"Heinz Lederer Communications GmbH, Wien, (270747h)",Heinz Lederer Communications GmbH,"Public Relations- und Kommunikationsunternehmensberatung, Lobbying, Public Affairs",A1,"Heinz Lederer (TT.MM.1963),","130000,00",4,1,,,LIVR-00150,270747h,,,Verhaltenskodex ALPAC,Wien,http://www.lederer-communication.at/,"Wipplingerstraße 24-26/DG/22, AT-1010 Wien",11/23/2015 0:00:00,4/2/2013 0:00:00,01.01.,http://www.lobbyreg.justiz.gv.at/edikte/ir/iredi18.nsf/alldoc/a52930831bac8ab0c1257b4100300b62!OpenDocument
95,"HSconsulting & training GmbH (seit 01.01.2015 keine Lobbyingtätigkeit mehr), Sonnenberg 15, AT-3150 Wilhelmsburg an der Traisen, (393466b)",HSconsulting &amp; training GmbH (seit 01.01.2015 keine Lobbyingtätigkeit mehr),Unternehmensberatung und Training,A1,"Hans Herbert Schmoll (TT.MM.1953),",,0,1,,,LIVR-00372,393466b,,,Verhaltenskodex der Unternehmensberater,"Sonnenberg 15, AT-3150 Wilhelmsburg an der Traisen",,"Sonnenberg 15, AT-3150 Wilhelmsburg an der Traisen",10/29/2015 0:00:00,3/24/2014 0:00:00,01.01.,http://www.lobbyreg.justiz.gv.at/edikte/ir/iredi18.nsf/alldoc/dbe829451dc539f2c1257ca5004d2a28!OpenDocument
96,"HSC, Hörhan Mag. Christoph, Blumauergasse 3/27, 1020 Wien","HSC, Hörhan Mag. Christoph","Strategy Consulting, Public Affairs",A1,"MAG. CHRISTOPH HÖRHAN (TT.MM.1976),","48000,00",2,1,,,LIVR-00168,,,,ÖPAV,"Blumauergasse 3/27, 1020 Wien",,"Blumauergasse 3/27, 1020 Wien",1/28/2015 0:00:00,4/5/2013 0:00:00,01.01.,http://www.lobbyreg.justiz.gv.at/edikte/ir/iredi18.nsf/alldoc/71bbd543ad4b36bec1257b44002b21c4!OpenDocument
100,"ikp Vorarlberg GmbH, Dornbirn, (321326p)",ikp Vorarlberg GmbH,Public Relations &amp; Public Affairs,A1,"Martin Dechant (TT.MM.1978),","12000,00",2,1,,,LIVR-00293,321326p,,,ÖPAV,Dornbirn,http://www.ikp.at,"Gütlestraße 7a, AT-6850 Dornbirn",11/16/2015 0:00:00,6/24/2013 0:00:00,01.03.,http://www.lobbyreg.justiz.gv.at/edikte/ir/iredi18.nsf/alldoc/68de68106bd51bacc1257b940025a4b6!OpenDocument
101,"IKP Wien GmbH, Wien, (279214i)",IKP Wien GmbH,Public Relations &amp; Public Affairs,A1,"Dr. Peter Hörschinger (TT.MM.1956),","0,00",0,1,,,LIVR-00170,279214i,,,ÖPAV,Wien,http://www.ikp.at,"Museumstraße 3/5, AT-1070 Wien",11/24/2014 0:00:00,4/5/2013 0:00:00,1.1.,http://www.lobbyreg.justiz.gv.at/edikte/ir/iredi18.nsf/alldoc/ef065191ffd04188c1257b44002b4b75!OpenDocument
111,"Jeitler & Partner GmbH, Kaiser-Franz-Joseph-Ring 18, A-2500 Baden bei Wien, (321689y)",Jeitler &amp; Partner GmbH,"Unternehmensberatung, Public-Relations-Beratung, Werbeagentur",A1,"Mag. Carmen Jeitler-Cincelli (TT.MM.1980), Univ.-Lekt. Dkkfm. Georg H. Jeitler (TT.MM.1979),","24061,01",2,2,,,LIVR-00385,321689y,,,Verhaltenskodex Lobbying &amp; Public Affairs des Fachverbandes Werbung und Marktkommunikation der Wirtschaftskammer Österreich,"Kaiser-Franz-Joseph-Ring 18, A-2500 Baden bei Wien",http://www.jeitler-partner.at,"Kaiser-Franz-Joseph-Ring 18, A-2500 Baden bei Wien",11/9/2015 0:00:00,5/13/2014 0:00:00,1.1.,http://www.lobbyreg.justiz.gv.at/edikte/ir/iredi18.nsf/alldoc/a98cf7acf8d90c54c1257cd70045f97c!OpenDocument
113,"Jurka P.S.A. GmbH, Wien, (055609d)",Jurka P.S.A. GmbH,"Lobbying, Goverment Affairs, Business Intelligence",A1,"Prof. Dr. Karl Jurka (TT.MM.1952), Dr. Hans-Bodo Bertram (TT.MM.1941), Mag. Anna Kasten (TT.MM.1976), Martin Kienzl (TT.MM.1962), Ing. Brigitta Lantzberg (TT.MM.1970), MMag. Sonja Linskeseder (TT.MM.1987), Hans Günther Schmitt (TT.MM.1935), Sonja Göbert (TT.MM.1961), Alexander Lorenz (4.MM.1991),","305000,00",4,9,,,LIVR-00043,055609d,,,"SEAP, DEGEPOL, ALPAC, ÖPAV",Wien,http://www.karljurka.com,"Mariahilferstraße 103/Top 65,1060 Wien",2/11/2016 0:00:00,3/25/2013 0:00:00,01.04.,http://www.lobbyreg.justiz.gv.at/edikte/ir/iredi18.nsf/alldoc/5d76ed373159a684c1257b3900457032!OpenDocument
120,"Ketchum Publico GmbH, Wien, (072317z)",Ketchum Publico GmbH,"Public Relations, Krisenkommunikation &amp; Public Affairs",A1,"Dr. Saskia Wallner (TT.MM.1968), Mag. Axel Schein  (TT.MM.1972), Mag. Nicolette Szalachy  (TT.MM.1986),","0,00",0,3,,,LIVR-00539,072317z,,,"Der Lobbying Tätigkeit wird der Ehrencodex des PRVA zugrunde gelegt, zu dessen Einhaltung Ketchum Publico als Mitglied verpflichtet ist.",Wien,https://www.ketchum.com/de/vienna-0,"Guglgasse 7-9, AT-1030 Wien",2/29/2016 0:00:00,2/29/2016 0:00:00,01.01.,http://www.lobbyreg.justiz.gv.at/edikte/ir/iredi18.nsf/alldoc/bcba9b383cd3be9dc1257f680046d2c8!OpenDocument
121,"Kobza Integra Public Relations GmbH, Wien, (324330g)",Kobza Integra Public Relations GmbH,"Strategische Kommunikationsberatung, Unternehmens- und Produktkommunikation, Reputation Management, Corporate Publishing, Eventkommunikation",A1,"Rudolf Kobza (TT.MM.1967), Beatrix Skias (TT.MM.1972), Nikolaus Pelinka (TT.MM.1986),","4499,84",2,3,,,LIVR-00258,324330g,,,Lobbying &amp; Public Affairs<br/>Code d' Athene und Code de Lisbonne<br/>(WKO Stand: Oktober 2012),Wien,,"Mariahilfer Straße 27/Top 10, AT-1060 Wien",2/11/2016 0:00:00,4/29/2013 0:00:00,01.01.,http://www.lobbyreg.justiz.gv.at/edikte/ir/iredi18.nsf/alldoc/24ca95f0d1363616c1257b5c002735d0!OpenDocument
122,"Kovar & Partners GmbH, Wien, (219017i)",Kovar &amp; Partners GmbH,Lobbying und Public Affairs Beratung,A1,"Andreas Kovar (TT.MM.1963), Walter Osztovics (TT.MM.1959), Mag. Heimo Gradischnig (TT.MM.1968), Ing. Martin Bredl (TT.MM.1960), FH-Prof. DI Dr. Rainer Stempkowski (TT.MM.1968), Martin Säckl (TT.MM.1965), Nikolaus Huss (TT.MM.1957), Bettina Fernsebner-Kokert (6.MM.1965), Marco Schreuder (TT.MM.1969),","1007847,00",15,9,,,LIVR-00001,219017i,,,ALPAC - Austrian Lobbying &amp; Public Affairs Council,Wien,http://www.publicaffairs.cc/,"Dorotheergasse 7/7, AT-1010 Wien",3/14/2016 0:00:00,1/15/2013 0:00:00,01.02.,http://www.lobbyreg.justiz.gv.at/edikte/ir/iredi18.nsf/alldoc/edcd2e08eb265a78c1257af400307bbc!OpenDocument
123,"Krammer Consultants Politics & Media GmbH, Wien, (227350p)",Krammer Consultants Politics &amp; Media GmbH,"Beratung in Politik und Medien, Lobbying, Public Affairs, Governmental Affairs, Government Relations",A1,"Mag. Karl Krammer MAIA (TT.MM.1953), Gerlinde Thurner (TT.MM.1963),","283000,00",6,2,,,LIVR-00079,227350p,,,ALPAC - Austrian Lobbying &amp; Public Affairs Council,Wien,,"Oppolzergasse 6/7, AT-1010 Wien",11/23/2015 0:00:00,3/29/2013 0:00:00,1.1.,http://www.lobbyreg.justiz.gv.at/edikte/ir/iredi18.nsf/alldoc/9fc21607a25b70edc1257b3d003e9c90!OpenDocument
124,"K. Munk GmbH, Gablitz, (180421a)",K. Munk GmbH,PR- und Marketingtätigkeiten ,A1,"Mag. Karin Munk (TT.MM.1965),","0,00",1,1,,,LIVR-00220,180421a,,,Verhaltenskodex Lobbying &amp; Public Affairs,Gablitz,,"Paul Troger-Gasse 30, AT-3003 Gablitz",12/10/2015 0:00:00,4/10/2013 0:00:00,01.01.,http://www.lobbyreg.justiz.gv.at/edikte/ir/iredi18.nsf/alldoc/fd975532cb694316c1257b490026eb68!OpenDocument
125,"Lafarge Zementwerke GmbH, Gumpendorfer Straße 19-21, AT-1060 Wien, (346878s)",Lafarge Zementwerke GmbH,Produktion und Vertrieb von hydraulischen Bindemitteln,A1,"Thomas Spannagl (TT.MM.1966), Gernot Tritthart (TT.MM.1968), Erwin Platzer (TT.MM.1966), Christian Hasendorfer (TT.MM.1967), Johannes Daul (TT.MM.1961),",,,5,,,LIVR-00169,346878s,,,Code of Business Conduct,"Gumpendorfer Straße 19-21, AT-1060 Wien",,"Gumpendorfer Straße 19-21, AT-1060 Wien",4/5/2013 0:00:00,4/5/2013 0:00:00,01.01.,http://www.lobbyreg.justiz.gv.at/edikte/ir/iredi18.nsf/alldoc/0ee52114c3214b62c1257b44002b27e6!OpenDocument
129,"Mastermind Public Affairs Consulting GmbH, Wien, (370561v)",Mastermind Public Affairs Consulting GmbH,"Public Affairs, Lobbying, Government Relations",A1,"Dr. Peter Köppl (TT.MM.1969), Mag. Martin Stradal (TT.MM.1972), Mag.a Maria Schachinger M.A. (29.MM.1987), Bernhard Zink M.A. (TT.MM.1983),","650165,00",15,4,,,LIVR-00011,370561v,,,"ÖPAV, de|ge|pol",Wien,https://www.mastermind.cc,"Neubaugasse 1|A|12-15, 1070 Wien",4/18/2016 0:00:00,2/11/2013 0:00:00,01.10.,http://www.lobbyreg.justiz.gv.at/edikte/ir/iredi18.nsf/alldoc/1b060da30b796942c1257b0f00349101!OpenDocument
133,"movea marketing GmbH & Co KG, Salzburg, (385449m)",movea marketing GmbH &amp; Co KG,PR/Öffentlichkeitsarbeit<br/>Public Affairs,A1,"Mag. Stefan Ornig (TT.MM.1974),",,,1,,,LIVR-00483,385449m,,,ALPAC,Salzburg,http://www.movea.at,"Ernst-Grein-Strasse 5, 5026 Salzburg",8/10/2015 0:00:00,8/10/2015 0:00:00,01.01.,http://www.lobbyreg.justiz.gv.at/edikte/ir/iredi18.nsf/alldoc/2b1df1d953b1fce2c1257e9d0049abb4!OpenDocument
176,"P R O (Dr. Zuser Alexander), Albertgasse 11/13, AT-1080 Wien",P R O (Dr. Zuser Alexander),Regulierungs- und Regulierungspolitikberatung,A1,"Dr. Alexander Zuser (TT.MM.1968),","8854,00",1,1,,,LIVR-00360,,,,Verhaltenskodex der österreichischen Public Affairs Vereinigung (siehe www.oepav.at),"Albertgasse 11/13, AT-1080 Wien",http://www.pro-fessionals.com,"Albertgasse 11/13, AT-1080 Wien",10/29/2015 0:00:00,2/5/2014 0:00:00,01.01.,http://www.lobbyreg.justiz.gv.at/edikte/ir/iredi18.nsf/alldoc/93482088a80cdc2dc1257c760043186a!OpenDocument
177,"P8 GmbH, Sparkassenplatz 2, Top 510, AT-6020 Innsbruck, (202253g)",P8 GmbH,"Agentur für Marketing, Öffentlichkeitsarbeit, Online- und Social Media- Kommunikation, Audio- und Videoproduktion, Projektkommunikation und Public Affairs.",A1,"Mag. Georg Hofherr (TT.MM.1971), Mag. Markus Bischof (TT.MM.1973), Dr. Eugen Stark (TT.MM.1958), Mag. Anton Santner (TT.MM.1971), Florian Tursky (TT.MM.1988),","53000,00",12,5,,,LIVR-00008,202253g,,,"Der Lobbying Tätigkeit wird der Ehrencodex des PRVA zugrunde gelegt, zu dessen Einhaltung P8 Hofherr als Mitglied verpflichtet ist.","Sparkassenplatz 2, Top 510, AT-6020 Innsbruck",http://www.p8.eu,"Sparkassenplatz 2, Top 510, AT-6020 Innsbruck",2/22/2016 0:00:00,2/4/2013 0:00:00,01.01.,http://www.lobbyreg.justiz.gv.at/edikte/ir/iredi18.nsf/alldoc/25c6b3c38975957bc1257b080047bccc!OpenDocument
178,"pantarhei advisors Europe Unternehmensberatung GmbH, Wien, (390282w)",pantarhei advisors Europe Unternehmensberatung GmbH,Unternehmensberatung mit Fokus auf europäische Entwicklungen. ,A1,"Mag. Gilbert Rukschcio (TT.MM.1980), Mag. Markus Schindler (TT.MM.1969),","22400,00",4,2,,,LIVR-00044,390282w,,,pantarhei advisors europe Unternehmensberatung GmBH arbeitet in Einklang mit dem Kodex der Österreichische Public Affairs-Vereinigung ÖPAV,Wien,,"Lugeck 7/12, AT-1010 Wien",10/29/2015 0:00:00,3/25/2013 0:00:00,1.1.,http://www.lobbyreg.justiz.gv.at/edikte/ir/iredi18.nsf/alldoc/201eb9469d23d97bc1257b390045798f!OpenDocument
179,"pantarhei advisors Unternehmensberatung GmbH, AT-1010 Wien, (358398g)",pantarhei advisors Unternehmensberatung GmbH,"Unternehmensberatung, Public Affairs Beratung",A1,"Dr. Michael Höfler (TT.MM.1980), Mag. Markus Schindler (TT.MM.1969), Mag. Michael Slamanig (TT.MM.1962), Mag. Thomas Tödtling (TT.MM.1984), Mag. Rudolf Ogertschnig (TT.MM.1975), Mag. Harald Sigl (TT.MM.1979), Mag. Harald Schitnig (TT.MM.1974), Mag. Julija Palatin (TT.MM.1986), Mag. Stefanie Bramböck (TT.MM.1983),","197000,00",5,9,,,LIVR-00084,358398g,,,ÖPAV,AT-1010 Wien,http://www.pantarhei-advisors.com,"Lugeck 7/12, AT-1010 Wien",6/9/2015 0:00:00,3/29/2013 0:00:00,1.1.,http://www.lobbyreg.justiz.gv.at/edikte/ir/iredi18.nsf/alldoc/de03d0c982b99efec1257b3d003ee32e!OpenDocument
180,"Pecher Consulting GmbH, Wien, (248277p)",Pecher Consulting GmbH,"Unternehmensberatung, Audit berufundfamilie, CSR Beratung, Marketing Beratung, Marktforschung",A1,"Mag. Martina Pecher (TT.MM.1957),","18840,00",1,1,,,LIVR-00172,248277p,,,ALPAC,Wien,http://www.pecher-consulting.at,"Nachreihengasse 1, AT-1170 Wien",11/9/2015 0:00:00,4/5/2013 0:00:00,1.1.,http://www.lobbyreg.justiz.gv.at/edikte/ir/iredi18.nsf/alldoc/ff6da84f1ae8c692c1257b44002b6be8!OpenDocument
181,"Peri Consulting GmbH, Wien, (280777h)",Peri Consulting GmbH,Beratung zu Positionierung und Marktzugang im österreichischen Gesundheitswesen,A1,"Mag. Hanns Kratzer (TT.MM.1965), Robert Riedl (TT.MM.1955),","30000,00",1,2,,,LIVR-00009,280777h,,,ÖPAV - Österreichische Public Affairs-Vereinigung,Wien,http://www.periconsulting.at,"Lazarettgasse 19/4, AT-1090 Wien",10/29/2015 0:00:00,2/4/2013 0:00:00,01.07.,http://www.lobbyreg.justiz.gv.at/edikte/ir/iredi18.nsf/alldoc/602561b7721a289ac1257b080047ff43!OpenDocument
186,"Public Interest Consultants GmbH, Wien, (287133f)",Public Interest Consultants GmbH,Kommunikationsberatung,A1,"Gregor Schönstein (TT.MM.1969), Mag. Christian Jäger (TT.MM.1976), Lisa Derntl (TT.MM.1991), Eva Maria Eisner (TT.MM.1992), Mag. Bernhard Nagiller (TT.MM.1978), Dr. Georg Krause (TT.MM.1965), Ingrid Maria Siebenhütter (TT.MM.1962),","421402,73",10,7,,,LIVR-00080,287133f,,,"Verhaltenskodex der Public Interest Consultants GmbH., erstellt auf Grundlage des Verhaltenskodex für Lobbying und Public Affairs des Fachverbandes für Werbung und Marktkommunikation der Wirtschaftskammer Österreich, Stand Oktober 2012",Wien,http://www.publicinterest.cc,"Rotenturmstraße 17/17, AT-1010 Wien",4/18/2016 0:00:00,3/29/2013 0:00:00,01.01.,http://www.lobbyreg.justiz.gv.at/edikte/ir/iredi18.nsf/alldoc/b98daed53896169bc1257b3d003ea5b9!OpenDocument
196,"REPUCO Unternehmensberatung GmbH, Wien, (355366y)",REPUCO Unternehmensberatung GmbH,"Die REPUCO Unternehmensberatung GmbH entwickelt maßgeschneiderte Lösungen für komplexe und spezifische Anforderungen, die sich in Projekten des Public Sector in Kooperation mit der Privatwirtschaft – oder auch ohne – stellen. Ziel ist es dabei immer, ein neues Optimum aus den technischen, finanziellen und strukturellen Gegebenheiten zu schaffen.<br/>Um das zu erreichen begleiten und moderieren wir Stakeholderprozesse, die von hoher Komplexität und vielen Einflussfaktoren bestimmt sind. An der Schnittstelle zwischen dem öffentlichen Bereich, der Industrie und weiteren Anspruchs- und Interessensgruppen fokussieren wir alle Beteiligten auf das zu erreichende Ziel.",A1,"Mag. Wolfgang Gattringer (TT.MM.1975),","36000,00",1,1,,,LIVR-00151,355366y,,,ÖPAV Verhaltenskodex,Wien,http://www.repuco.at,"Frankenberggasse 9/5, AT-1040 Wien",10/29/2015 0:00:00,4/2/2013 0:00:00,1.1.,http://www.lobbyreg.justiz.gv.at/edikte/ir/iredi18.nsf/alldoc/c8f5a15d3817305dc1257b4100302c72!OpenDocument
201,"Rosam Change Communications GmbH (durch Einbringung der Rosam Change Communications GmbH, FN 206721b, LIVR-00351), Wien, (422522g)","Rosam Change Communications GmbH (durch Einbringung der Rosam Change Communications GmbH, FN 206721b, LIVR-00351)","Change Communications, Management,<br/>Projektleitung",A1,"Wolfgang Rosam (TT.MM.1957), Mag. Silvia Grünberger (TT.MM.1981),","442500,00",14,2,,,LIVR-00486,422522g,,,VERHALTENSKODEX für Lobbying und Public<br/>Affairs der ÖPAV,Wien,http://www.rosam.at,"Führichgasse 8, AT-1010 Wien",2/22/2016 0:00:00,8/31/2015 0:00:00,01.01.,http://www.lobbyreg.justiz.gv.at/edikte/ir/iredi18.nsf/alldoc/5157ec1f8025902ec1257eb2003f7711!OpenDocument
207,"Schneider Minar Jenewein Consulting GmbH, Wien, (293014d)",Schneider Minar Jenewein Consulting GmbH,Litigation PR und Krisenkommunikation,A1,"MMag. Andreas Schneider (TT.MM.1972), Patrick Minar (TT.MM.1977), Mag. Martin Jenewein MBA (TT.MM.1980),","0,00",0,3,,,LIVR-00198,293014d,,,ÖPAV,Wien,http://www.smj.co.at,"Grillparzerstraße 7/13, AT-1010 Wien",10/29/2015 0:00:00,4/8/2013 0:00:00,1.1.,http://www.lobbyreg.justiz.gv.at/edikte/ir/iredi18.nsf/alldoc/2689d7d58ec816a0c1257b470053f489!OpenDocument
208,"Schratt Dipl.-Ing. Heinrich, Herbeckstraße 69/12, AT-1180 Wien",Schratt Dipl.-Ing. Heinrich,"Interessenvertretung und Lobbying,<br/>Public Relations<br/>Werbung",A1,"DI Heinz G. Schratt (TT.MM.1952),","50000,00",2,1,,,LIVR-00004,,,,gemäß Österr. Public Affairs Vereinigung http://www.oepav.at/de/verhaltenskodex/,"Herbeckstraße 69/12, AT-1180 Wien",http://www.schratt.at,"Herbeckstraße 69/12, AT-1180 Wien",7/20/2015 0:00:00,1/28/2013 0:00:00,01.01.,http://www.lobbyreg.justiz.gv.at/edikte/ir/iredi18.nsf/alldoc/98ce52a2ef45f23fc1257b010032e54a!OpenDocument
209,"SHIFTING VALUES e.U., Scheidlstraße 45, AT-1180 Wien, (369390x)",SHIFTING VALUES e.U.,"PR-Beratung und Public Affairs; Shifting Values ist spezialisiert in der Beratung von und Kooperation mit gemeinnützigen Organisationen im Bereich des Tier-, Arten- und Umweltschutzes, zu einem geringeren Anteil auch im Bereich humanitärer Projekte und Initiativen.",A1,"Nicolas Entrup (TT.MM.1972),","25000,00",3,1,,,LIVR-00338,369390x,,,ShiftingValues hält sich an den Verhaltenskodex für Lobbying und Public Affairs der Wiener Wirtschaftskammer<br/>https://www.wko.at/Content.Node/branchen/oe/sparte_iuc/Werbung-und-Marktkommunikation/Verhaltenskodex_Lobbying_Public_Affairs.html,"Scheidlstraße 45, AT-1180 Wien",http://www.shiftingvalues.com,"Herbeckstr.19/2, AT - 1180 Wien",11/9/2015 0:00:00,12/2/2013 0:00:00,01.01.,http://www.lobbyreg.justiz.gv.at/edikte/ir/iredi18.nsf/alldoc/73cbdc1befad89eac1257c3500351e37!OpenDocument
213,"Special Public Affairs PR-Beratung und Lobbying GmbH, Wien, (196016i)",Special Public Affairs PR-Beratung und Lobbying GmbH,"Lobbying und Public Relations, Public Affairs",A1,"Mag. Karin Keglevich-Lauringer (29.MM.1951),","25000,00",1,1,,,LIVR-00018,196016i,,,Wir halten uns an den ÖPAV-Verhaltenskodex<br/>www.oepav.at,Wien,http://www.spa.co.at,"Goldschmiedgasse 8, AT-1010 Wien",2/29/2016 0:00:00,2/18/2013 0:00:00,1.1.,http://www.lobbyreg.justiz.gv.at/edikte/ir/iredi18.nsf/alldoc/1c33ed70a3e93816c1257b16004621f5!OpenDocument
215,"Stampfer Dir. Josef, Kötschach 477, AT-9640 Kötschach",Stampfer Dir. Josef,Beratung von Genossenschaftsbanken (Primärbanken) zur Umsetzung des Förderauftrages und Projektbegleitung ,A1,"Josef Stampfer (TT.MM.1946),","1200,00",4,1,,,LIVR-00243,,,,Verhaltenskodex Lobbying &amp; Public Affairs der WKÖ,"Kötschach 477, AT-9640 Kötschach",,"Kötschach 477, AT-9640 Kötschach",11/3/2015 0:00:00,4/15/2013 0:00:00,1.1.,http://www.lobbyreg.justiz.gv.at/edikte/ir/iredi18.nsf/alldoc/d77b1fbc18ee66d3c1257b4e0041307f!OpenDocument
216,"Staudinger Dr. Karl, Pressbaum",Staudinger Dr. Karl,"Strategische Beratung, Planung, Vorbereitung und Durchführung von Gesprächen mit EntscheidungsträgerInnen",A1,"Dr. Karl Staudinger (TT.MM.1959),","0,00",0,1,,,LIVR-00192,,,,Verhaltenskodex der ÖPAV,Pressbaum,http://www.politiktraining.at,"Fünkhg. 11/2, AT-3021 Pressbaum",10/29/2015 0:00:00,4/5/2013 0:00:00,1.1.,http://www.lobbyreg.justiz.gv.at/edikte/ir/iredi18.nsf/alldoc/0634e011e03baebfc1257b44004f150c!OpenDocument
220,"telekom-netz consulting e.U., Neumarkt, (382567z)",telekom-netz consulting e.U.,"Unternehmensberatung, Wahrnehmung von KMU-Interessen im Telekommunikations- und Rundfunksektor, Beratung und Vertretung einzelner alternativer Telekombetreiber ",A1,"Mag. iur. Ing. Thomas Schygulla (TT.MM.1973),","725,00",1,1,,,LIVR-00166,382567z,,,Ethik- und Verhaltenskodex - ARGE proEthik,Neumarkt,http://www.telekom-to-go.at,"Wallbachstraße 30, AT-5202 Neumarkt am Wallersee",11/3/2015 0:00:00,4/5/2013 0:00:00,1.1.,http://www.lobbyreg.justiz.gv.at/edikte/ir/iredi18.nsf/alldoc/b636ebf2d5415bd8c1257b44002b0543!OpenDocument
222,"The Skills Group GmbH, Wien / Österreich, (187958i)",The Skills Group GmbH,Public Relations,A1,"Edward Strasser (TT.MM.1969), Stefan A. Sengl (TT.MM.1974), Jürgen H. Gangoly (TT.MM.1972), Jörg Wollmann (TT.MM.1971),","0,00",0,4,,,LIVR-00165,187958i,,,PRVA Ehrenkodex,Wien / Österreich,http://www.skills.at,"Margaretenstraße 70/1/4, AT-1050 Wien",11/9/2015 0:00:00,4/5/2013 0:00:00,1.1.,http://www.lobbyreg.justiz.gv.at/edikte/ir/iredi18.nsf/alldoc/c347530081930a27c1257b44002aff62!OpenDocument
223,"Thierry Politikberatung GmbH (zum 13.05.2014 mit der communication matters Kollmann & Partner PR GmbH als übernehmende Gesellschaft verschmolzen), Wien, (309433z)",Thierry Politikberatung GmbH (zum 13.05.2014 mit der communication matters Kollmann &amp; Partner PR GmbH als übernehmende Gesellschaft verschmolzen),"Public Affairs, Lobbying, Government Relations",A1,"Mag. David Feiler (TT.MM.1983), Mag. Christina Weichselbaumer (TT.MM.1979),",,,2,,,LIVR-00005,309433z,,,ÖPAV - Österreichische Public Affairs-Vereinigung,Wien,http://www.thierry.at,"Rosengasse 8/7, AT-1010 Wien",11/20/2014 0:00:00,1/28/2013 0:00:00,01.01.,http://www.lobbyreg.justiz.gv.at/edikte/ir/iredi18.nsf/alldoc/a78ebad2583c2194c1257b010032ecec!OpenDocument
228,"trummer+team GmbH, Wien, (356088i)",trummer+team GmbH,Strategieberatung<br/>Public Affairs<br/>Public Relations,A1,"Dietmar Trummer (TT.MM.1964),","12000,00",1,1,,,LIVR-00077,356088i,,,ÖPAV,Wien,http://www.trummerundteam.at,Prinz Eugenstrasse 80/17; AT 1040-Wien,11/3/2015 0:00:00,3/29/2013 0:00:00,01.01.,http://www.lobbyreg.justiz.gv.at/edikte/ir/iredi18.nsf/alldoc/94ef7cb075110f86c1257b3d003e8b09!OpenDocument
232,"Unique Public Relations GmbH, Wien, (317873k)",Unique Public Relations GmbH,"PR, Public affairs, ",A1,"Josef Kalina (TT.MM.1958), Michael Kochwalter (6.MM.1966), Mag. Gerhard Auer (TT.MM.1970),","197640,00",5,3,,,LIVR-00244,317873k,,,ÖPAV,Wien,http://www.unique-relations.at,"Schönbrunner Straße 297-307, AT-1120 Wien",10/29/2015 0:00:00,4/22/2013 0:00:00,1.1.,http://www.lobbyreg.justiz.gv.at/edikte/ir/iredi18.nsf/alldoc/a5e19409f1a903dbc1257b5500286bfd!OpenDocument
255,"Vötter Consulting e.U., Kuchl, (304410m)",Vötter Consulting e.U.,Unternehmensberatung,A1,"DI Stefan Vötter (TT.MM.1974),","5000,00",1,1,,,LIVR-00199,304410m,,,ÖPAV,Kuchl,http://www.voetter.info,"Kellau 198, AT-5431 Kuchl",10/29/2015 0:00:00,4/8/2013 0:00:00,01.01.,http://www.lobbyreg.justiz.gv.at/edikte/ir/iredi18.nsf/alldoc/508f33c378ba6561c1257b4700541522!OpenDocument
260,"wikopreventk GmbH, Innsbruck, (140317z)",wikopreventk GmbH,"Unternehmens- und Organisationskommunikation, Projektkommunikation, Krisenkommunikation, Litigation Communications, Kommunikations- und Führungsprozesse.",A1,"Ulrich Müller (TT.MM.1972), Harald Schiffl (TT.MM.1958), Dieter Bitschnau (TT.MM.1974),","10000,00",2,3,,,LIVR-00329,140317z,,,ÖPAV - Österreichische Public Affairs-Vereinigung,Innsbruck,http://www.wikopreventk.com,"Franz-Fischer-Str. 7, AT-6020 Innsbruck",10/29/2015 0:00:00,10/28/2013 0:00:00,01.01.,http://www.lobbyreg.justiz.gv.at/edikte/ir/iredi18.nsf/alldoc/d13c00bdbc2956f9c1257c120044de74!OpenDocument
263,"Wörter PR GmbH, Salzburg, (293728d)",Wörter PR GmbH,PR/Öffentlichkeitsarbeit<br/>Public Affairs,A1,"Mag. Wolfgang Wörter (TT.MM.1970),","21000,00",3,1,,,LIVR-00148,293728d,,,ALPAC,Salzburg,http://www.wolfgangwoerter.com,"Gabelsbergerstraße 27/3/7, AT-5020 Salzburg",10/29/2015 0:00:00,4/2/2013 0:00:00,01.04.,http://www.lobbyreg.justiz.gv.at/edikte/ir/iredi18.nsf/alldoc/54bd08728bbf8f73c1257b41002ffaa1!OpenDocument
264,"zbc3 GmbH, Innsbruck, (365099k)",zbc3 GmbH,"Öffentlichkeitsarbeit, Public Relations, Public Affairs, Lobbying",A1,"Karl-Heinz Zanon (TT.MM.1971), Mag. Jürgen Beilein (TT.MM.1976), Markus Gorfer (TT.MM.1976), Susanna Maria Steinkellner (TT.MM.1981),","30000,00",2,4,,,LIVR-00152,365099k,,,ÖPAV,Innsbruck,http://www.zbcom.at,"Dörrstraße 85, AT-6020 Innsbruck",5/4/2015 0:00:00,4/2/2013 0:00:00,01.01.,http://www.lobbyreg.justiz.gv.at/edikte/ir/iredi18.nsf/alldoc/77ac671f9380b57dc1257b4100303771!OpenDocument
265,"Zenker & Co Public Relations GmbH, Am Neubau 70, AT-2104 Spillern, (293521z)",Zenker &amp; Co Public Relations GmbH,"Public Relations, Krisenkommunikation, Trainings, Marketing, Lobbying",A1,"Andreas Zenker (TT.MM.1967), Sonja Kellner (TT.MM.1969),","3600,00",1,2,,,LIVR-00361,293521z,,,ÖPAV,"Am Neubau 70, AT-2104 Spillern",http://www.zenkerundco.at,"Am Neubau 70, AT-2104 Spillern",11/9/2015 0:00:00,2/5/2014 0:00:00,1.1.,http://www.lobbyreg.justiz.gv.at/edikte/ir/iredi18.nsf/alldoc/00ca97cc0539bde5c1257c76004345bb!OpenDocument
267,"Zernatto Dr. Hans Christof, Kärnten",Zernatto Dr. Hans Christof,"Politikberatung, Public Affairs Beratung und Management, Lobbying",A1,"Dr. Christof Zernatto (TT.MM.1949),",,,1,,,LIVR-00278,,,,ÖPAV,Kärnten,http://www.zernatto.com,"Marktplatz 5, AT-9521 Treffen bei Villach",5/27/2013 0:00:00,5/27/2013 0:00:00,01.01.,http://www.lobbyreg.justiz.gv.at/edikte/ir/iredi18.nsf/alldoc/0e1629604255ff88c1257b78002a41b1!OpenDocument
32,"Bayer Austria Gesellschaft m.b.H., Wien, (106165a)",Bayer Austria Gesellschaft m.b.H.,"Vertrieb und die technische bzw. medizinische Beratung von und für Produkte des Bayer-Konzerns und anderer Gesellschaften auf dem österreichischen Markt und teilweise auch in Osteuropa. Dazu gehören z.B. chemisch-pharmazeutische Produkte, Pflanzenschutzmittel, Kunststoffe und Chemikalien. ",B,"Dr. Martin Zartl (TT.MM.1972), Christine Maier (TT.MM.1963),",,,2,Nein,,LIVR-00002,106165a,,,Bayer Verhaltenskodex für verantwortungsvolles Lobbying und Verhaltenskodex der Österreichischen Public Affairs Vereinigung ,Wien,http://www.bayer.at,"Herbststraße 6-10, AT-1160 Wien",1/28/2015 0:00:00,1/21/2013 0:00:00,1.1.,http://www.lobbyreg.justiz.gv.at/edikte/ir/iredi18.nsf/alldoc/d8eaf4aaa3b6235ac1257afa0043839c!OpenDocument
67,"Energieplaner Netzwerk KG, Unterweitersdorf, (385855i)",Energieplaner Netzwerk KG,Lobbying für faire Rahmenbedingungen bei der Umsetzung der österreichischen Energiewende.,B,"Ing. Johannes Pointner (TT.MM.1972),",,,1,Nein,,LIVR-00003,385855i,,,Fachverband Unternehmensberatung und Informationstechnologie,Unterweitersdorf,,"Reitern 1, AT-4210 Unterweitersdorf",1/28/2013 0:00:00,1/28/2013 0:00:00,01.01.,http://www.lobbyreg.justiz.gv.at/edikte/ir/iredi18.nsf/alldoc/486193acffd00771c1257b010032e041!OpenDocument
20,"AstraZeneca Österreich GmbH, Wien, (051184x)",AstraZeneca Österreich GmbH,Großhandel mit pharmazeutischen Erzeugnissen,B,"Dr. POHL Michael (TT.MM.1967), Dr. FRIEDHUBER-TEUSCHL Gerhard (TT.MM.1960), Mag. EDER-STADLER Veronika (TT.MM.1974),",,,3,Nein,,LIVR-00014,051184x,,,Lobbying Verhaltenskodex der Pharmig und Verhaltenskodex der Österreichischen Public Affairs Vereinigung,Wien,http://www.astrazeneca.at,"Schwarzenbergpl. 7, AT-1030 Wien",7/28/2015 0:00:00,2/11/2013 0:00:00,01.01.,http://www.lobbyreg.justiz.gv.at/edikte/ir/iredi18.nsf/alldoc/bd090629ce1610b2c1257b0f00353b31!OpenDocument
132,"Merck Sharp & Dohme Gesellschaft m.b.H., Euro Plaza, Gebäude G, 5. Stock, Am Euro Platz 2, A-1120 Wien, (112226p)",Merck Sharp &amp; Dohme Gesellschaft m.b.H.,Vertrieb von pharmazeutischen Produkten des MSD-Konzerns in Österreich im Bereich Humanmedizin,B,"Mag.a Sigrid Haslinger (TT.MM.1967), Gertraud Eckart (TT.MM.1969),",,,2,Nein,,LIVR-00022,112226p,,,http://www.pharmig.at/uploads/LobbyingVerhaltenskodex_9142_DE.pdf,"Euro Plaza, Gebäude G, 5. Stock, Am Euro Platz 2, A-1120 Wien",http://www.msd.at,"Am Euro Platz 2, AT-1120 Wien",7/14/2015 0:00:00,2/28/2013 0:00:00,01.01.,http://www.lobbyreg.justiz.gv.at/edikte/ir/iredi18.nsf/alldoc/65cbb9be9ffbed3fc1257b2000292205!OpenDocument
57,"Deutsche Vermögensberatung Bank Aktiengesellschaft, Wien, (036807d)",Deutsche Vermögensberatung Bank Aktiengesellschaft,"Die Deutsche Vermögensberatung Bank Aktiengesellschaft <br/>■ist eine Aktiengesellschaft österreichischen Rechts, eingetragen im Firmenbuch des Handelsgerichtes Wien unter FN 36807d,<br/>■ist eine Bank mit der Berechtigung zur Durchführung von Bankgeschäften gemäß § 1 Abs. 1 Z. 18 lit. a und b BWG<br/>■übt als weitere Geschäftszweige die Vermögensberatung und die Beratung und Vermittlung in Bezug auf Finanzinstrumente, Bauspar- und Leasingverträge aus<br/>■ist zur Versicherungsvermittlung in der Form Versicherungsagent gemäß § 137 GewO i. V. m. § 21 Abs.1 Z. 8 BWG berechtigt und bei der Finanzmarktaufsicht, Register 999 unter Gew.Reg.Nr. VVM-76080-00 eingetragen<br/>■ist Agentur der Generali Versicherung AG, Wien<br/>■erbringt ihre Dienstleistungen durch selbstständige Handelsvertreter gemäß § 1 Abs. 1 Handelsvertretergesetz; diese verfügen über die Gewerbeberechtigung „Gewerbliche Vermögensberatung“ (§ 94 Z 75 und § 136a Gewerbeordnung) und/oder “Versicherungsvermittlung in der Form Versicherungsagent“ (§ 94 Z 76 und §§ 137 bis 138 Gewerbeordnung); die Anlageberatung (§ 3 Abs. 2 Z 1 Wertpapieraufsichtsgesetz) und Vermittlung (§ 3 Abs. 2 Z 3 Wertpapieraufsichtsgesetz) in Bezug auf Finanzinstrumente erfolgt ausschließlich durch „vertraglich gebundene Vermittler“ (§ 1 Z 20 und § 28 Wertpapieraufsichtsgesetz)",B,"Heinrich Friedrich Bohl (TT.MM.1945),",,,1,Nein,,LIVR-00029,036807d,,,Der Verhaltenskodex für Unternehmenslobbyisten ist auf unserer Homepage unter www.dvag.at/dvag/impressum/  unter der Überschrift Verhaltenskodex gemäß § 7 LobbyG einseh- und ausdruckbar,Wien,http://www.dvag.at,"Rotenturmstraße 16-18, AT-1010 Wien",1/4/2016 0:00:00,3/4/2013 0:00:00,01.01.,http://www.lobbyreg.justiz.gv.at/edikte/ir/iredi18.nsf/alldoc/5cb5254a353d99b9c1257b2400439820!OpenDocument
219,"T-Mobile Austria GmbH, Wien, (171112k)",T-Mobile Austria GmbH,Telekommunikation,B,"Dr. Andreas Bierwirth (TT.MM.1971), Dr. Rüdiger Köster (TT.MM.1958), Anja Tretbar-Bustorf (TT.MM.1973), Sigrun Plattner (TT.MM.1982), Robert Faulhaber (TT.MM.1983),",,,5,Nein,,LIVR-00035,171112k,,,Code of Conduct<br/>http://www.t-mobile.at/pdf/Broschuere-CoC_2010_DE.pdf,Wien,http://www.t-mobile.at,"Rennweg 97-99, AT-1030 Wien",3/14/2016 0:00:00,3/18/2013 0:00:00,01.01.,http://www.lobbyreg.justiz.gv.at/edikte/ir/iredi18.nsf/alldoc/122ade1b4c4c4d98c1257b3200545e13!OpenDocument
194,"Raiffeisenlandesbank Oberösterreich Aktiengesellschaft, Linz, (247579m)",Raiffeisenlandesbank Oberösterreich Aktiengesellschaft,"Finanzwirtschaft, Kreditinstitut",B,"Dr. Heinrich Schaller (TT.MM.1959), Mag. Michaela Keplinger-Mitterlehner (TT.MM.1965), Mag. Reinhard Schwendtbauer (TT.MM.1972), Dr. Georg Starzer (TT.MM.1957), Mag. Markus Vockenhuber (TT.MM.1960), Mag. Dr. Bernhard Marckhgott MIM (TT.MM.1971), Mag. Peter Strauss (TT.MM.1950), Mag. Florian Brunner (TT.MM.1983), Mag. Stefan Sandberger (TT.MM.1968),",,,9,Nein,,LIVR-00037,247579m,,,Verhaltenskodex der Raiffeisenlandesbank Oberösterreich AG,Linz,http://www.rlbooe.at/eBusiness/rlbooe_template2/15752112992436962-NA-829362232529526674-NA-25-NA.html,"Europaplatz 1a, AT-4020 Linz",7/28/2015 0:00:00,3/18/2013 0:00:00,01.01.,http://www.lobbyreg.justiz.gv.at/edikte/ir/iredi18.nsf/alldoc/2c4e2287fa799270c1257b3200547405!OpenDocument
184,"Philip Morris Austria GmbH, Vorgartenstraße 206 B-C, AT-1020 Wien, (375335p)",Philip Morris Austria GmbH,"Handel mit Waren aller Art, insbesondere von Tabakprodukten, sowie die Erbringung von<br/>Marketingaktivitäten für die gehandelten Produkte",B,"Stefan Pinter (TT.MM.1978), Laura Sperlich (TT.MM.1983),",,,2,Nein,,LIVR-00038,375335p,,,Philip Morris Austria GmbH Interessenvertretung Verhaltenskodex,"Vorgartenstraße 206 B-C, AT-1020 Wien",http://www.pmi.com/marketpages/Pages/market_de_at.aspx,"Vorgartenstraße 206 B-C, AT-1020 Wien",11/16/2015 0:00:00,3/18/2013 0:00:00,1.1.,http://www.lobbyreg.justiz.gv.at/edikte/ir/iredi18.nsf/alldoc/4cd0280c72298f75c1257b3200547d70!OpenDocument
73,"EVN AG, Maria Enzersdorf am Gebirge, (072000h)",EVN AG,"Die Gesellschaft ist Landesgesellschaft im Sinne des § 2 des Bundesverfassungsgesetzes, mit dem die Eigentumsverhältnisse an den Unternehmen der österreichischen Elektrizitätswirtschaft geregelt werden (BGBl I Nr. 143/1998). Tätigkeitsbereich der Gesellschaft ist die Erbringung von Energie- und Umweltdienstleistungen in den Bereichen Strom, Gas, Wärme, Trinkwasserver- und Abwasserentsorgung und thermische Abfallverwertung sowie die Errichtung und der Betrieb von Netzen für Kabel-TV und Telekommunikation im In- und Ausland.",B,"VD DI Dr. Peter Layr (TT.MM.1953), VD Mag. Stefan Szyszkowitz (TT.MM.1964), Dr. Felix Sawerthal (TT.MM.1954), Ing. Michael Mollner (TT.MM.1971), MMag. Ute Teufelberger (TT.MM.1977), DI Franz Mittermayer (TT.MM.1958),",,,6,Ja,,LIVR-00053,072000h,,,Verhaltenskodex von Osterreichs Energie<br/>http://oesterreichsenergie.at/Oesterreichs-Energie.html,Maria Enzersdorf am Gebirge,http://www.evn.at/,"EVN Platz, AT-2344 Maria Enzersdorf",3/7/2016 0:00:00,3/25/2013 0:00:00,1.10.,http://www.lobbyreg.justiz.gv.at/edikte/ir/iredi18.nsf/alldoc/30602106aeedc753c1257b3900547bef!OpenDocument
2,"AbbVie GmbH, Wien, (378955m)",AbbVie GmbH,Vertrieb von Arzneimitteln und Medizinprodukten,B,"Mag. Thomas Haslinger (TT.MM.1975), Mag. Bettina Theresia Kölbl-Resl (TT.MM.1980),",,,2,Nein,,LIVR-00054,378955m,,,Verhaltenskodex der Österreichischen Public Affairs Vereinigung<br/>Lobbying-Verhaltenscodex der PHARMIG,Wien,http://www.abbvie.at,"Lemböckgasse 61/3. OG, AT-1230 Wien",11/9/2015 0:00:00,3/25/2013 0:00:00,01.01.,http://www.lobbyreg.justiz.gv.at/edikte/ir/iredi18.nsf/alldoc/edea53b6f0f5a4b3c1257b3900548209!OpenDocument
143,"OMV Gas & Power GmbH (seit 18.09.2015 kein Unternehmenslobbyist mehr beschäftigt), Trabrennstraße 6-8, AT-1020 Wien, (231791w)",OMV Gas &amp; Power GmbH (seit 18.09.2015 kein Unternehmenslobbyist mehr beschäftigt),"OMV Gas &amp; Power GmbH ist die Leitgesellschaft für die Gas- und Stromaktivitäten der OMV und umfasst die drei Geschäftsfelder Supply, Marketing &amp; Trading, Power und Logistics. ",B,"Mag. Christian Dolezal (TT.MM.1974),",,,1,Ja,,LIVR-00055,231791w,,,http://www.omv.com/portal/01/com/compliance,"Trabrennstraße 6-8, AT-1020 Wien",http://www.omv.com,"Trabrennstraße 6-8, AT-1020 Wien",9/30/2015 0:00:00,3/25/2013 0:00:00,01.01.,http://www.lobbyreg.justiz.gv.at/edikte/ir/iredi18.nsf/alldoc/59515ba0b2d0d4f4c1257b390054882a!OpenDocument
141,"OMV Aktiengesellschaft, Trabrennstraße 6-8, AT-1020 Wien, (093363z)",OMV Aktiengesellschaft,"Konzernholding eines integrierten, internationalen Öl- und Gasunternehmens mit den Geschäftsbereichen Exploration &amp; Production, Refining &amp; Marketing und Gas &amp; Power.",B,"Mag. Maria Mittermair (TT.MM.1978), KomR. Kurt Eder (TT.MM.1946), Mag. Michaela Jarosch (TT.MM.1977), Mag. Ines Schneider (TT.MM.1974),",,,4,Ja,,LIVR-00056,093363z,,,http://www.omv.com/portal/01/com/compliance,"Trabrennstraße 6-8, AT-1020 Wien",http://www.omv.com,"Trabrennstraße 6-8, AT-1020 Wien",4/18/2016 0:00:00,3/25/2013 0:00:00,01.01.,http://www.lobbyreg.justiz.gv.at/edikte/ir/iredi18.nsf/alldoc/e4565cf684d71de7c1257b39005492a6!OpenDocument
142,"OMV Exploration & Production GmbH (seit 01.10.2015 kein Unternehmenslobbyist mehr beschäftigt), Trabrennstraße 6-8, AT-1020 Wien, (060963b)",OMV Exploration &amp; Production GmbH (seit 01.10.2015 kein Unternehmenslobbyist mehr beschäftigt),OMV Exploration &amp; Production GmbH ist die Leitgesellschaft für die Aufsuchung und Förderung von Erdöl und Erdgas der OMV.,B,"Mag. Maria Mittermair-Weiss (TT.MM.1978),",,,1,Ja,,LIVR-00057,060963b,,,http://www.omv.com/portal/01/com/compliance,"Trabrennstraße 6-8, AT-1020 Wien",http://www.omv.com,"Trabrennstraße 6-8, AT-1020 Wien",10/5/2015 0:00:00,3/25/2013 0:00:00,01.01.,http://www.lobbyreg.justiz.gv.at/edikte/ir/iredi18.nsf/alldoc/958b712f0ac83aa8c1257b390054a819!OpenDocument
31,"Baxter Healthcare GmbH, seit 1.1.2015 kein Unternehmenslobbyist mehr beschäftigt, Österreich, (143735a)","Baxter Healthcare GmbH, seit 1.1.2015 kein Unternehmenslobbyist mehr beschäftigt",Biotechnologie / Pharma ,B,"Michael HEINRICH (TT.MM.1958),",,,1,Nein,,LIVR-00058,143735a,,,Pharmig Verhaltenskodex ,Österreich,http://www.baxter.at/information/linking/external_link_disclaimer.html?s=http://www.pharmig.at/DE/Publikationen/Lobbying-Verhaltenskodex/Lobbying-Verhaltenskodex.aspx,"Stella-Klein-Löw-Weg 15, AT-1020 Wien",1/28/2015 0:00:00,3/25/2013 0:00:00,01.01.,http://www.lobbyreg.justiz.gv.at/edikte/ir/iredi18.nsf/alldoc/b34c87e823a4ce8fc1257b390054ae14!OpenDocument
202,"s Wohnbaubank AG, Wien, (081026g)",s Wohnbaubank AG,"Finanzwirtschaft, Kreditinstitut",B,"Dr. Josef Schmidinger (TT.MM.1955),",,,1,Nein,,LIVR-00059,081026g,,,Verhaltenskodex der s Wohnbaubank AG,Wien,http://www.swohnbaubank.at,"Am Belvedere 1, AT-1100 Wien",2/22/2016 0:00:00,3/25/2013 0:00:00,01.01.,http://www.lobbyreg.justiz.gv.at/edikte/ir/iredi18.nsf/alldoc/1ad27b50e8b8042dc1257b390054b395!OpenDocument
29,"Bausparkasse der österreichischen Sparkassen Aktiengesellschaft, Wien, (038732i)",Bausparkasse der österreichischen Sparkassen Aktiengesellschaft,"Finanzwirtschaft, Kreditinstitut",B,"Dr. Josef Schmidinger (TT.MM.1955), MMag. Martin Clemens Weber (TT.MM.1980),",,,2,Nein,,LIVR-00060,038732i,,,Verhaltenskodex der Bausparkasse der österreichischen Sparkassen Aktiengesellschaft,Wien,http://www.sbausparkasse.at,"Am Belvedere 1, AT-1100 Wien",2/22/2016 0:00:00,3/25/2013 0:00:00,01.01.,http://www.lobbyreg.justiz.gv.at/edikte/ir/iredi18.nsf/alldoc/f3145b1e8adfe049c1257b390054b7f3!OpenDocument
153,"Österreichische Lotterien Gesellschaft m.b.H., Rennweg 44, AT-1038 Wien, (054472g)",Österreichische Lotterien Gesellschaft m.b.H.,Betrieb von Glücksspielen nach dem Glücksspielgesetz,B,"Dr. Karl Stoss (TT.MM.1956), Mag. Bettina Glatz-Kremsner (TT.MM.1962), Mag. Markus Eder (TT.MM.1972), Mag. Thorsten Leitgeb (TT.MM.1980),",,,4,Nein,,LIVR-00061,054472g,,,Verhaltenskodex der Österreichischen Public Affairs Vereinigung,"Rennweg 44, AT-1038 Wien",http://www.lotterien.at,"Rennweg 44, AT-1038 Wien",12/10/2015 0:00:00,3/25/2013 0:00:00,01.01.,http://www.lobbyreg.justiz.gv.at/edikte/ir/iredi18.nsf/alldoc/88ddd727bf3855f4c1257b390054c492!OpenDocument
47,"Casinos Austria Aktiengesellschaft, Rennweg 44, AT-1038 Wien, (099639d)",Casinos Austria Aktiengesellschaft,Glücksspiel,B,"Dr. Karl Stoss (TT.MM.1956), Mag. Bettina Glatz-Kremsner (TT.MM.1962), Mag. Dietmar Hoscher (TT.MM.1962), Mag. Markus Eder (TT.MM.1972), Mag. Thorsten Leitgeb (TT.MM.1980),",,,5,Nein,,LIVR-00062,099639d,,,Verhaltenskodex der Österreichischen Public Affairs Vereinigung,"Rennweg 44, AT-1038 Wien",http://www.casinos.at,"Rennweg 44, AT-1038 Wien",9/7/2015 0:00:00,3/25/2013 0:00:00,01.01.,http://www.lobbyreg.justiz.gv.at/edikte/ir/iredi18.nsf/alldoc/63834e9d2d3ac55cc1257b390054d1c7!OpenDocument
214,"Stadtwerke Klagenfurt Aktiengesellschaft, Klagenfurt , (199234t)",Stadtwerke Klagenfurt Aktiengesellschaft,"Versorgungsunternehmen (Energie, Wasser, Verkehr)",B,"DI Romed Karré (TT.MM.1958), Mag. Christian Peham  (TT.MM.1967), Dr.Mag. Harald Raffer  (TT.MM.1956),",,,3,Nein,,LIVR-00073,199234t,,,https://www.stw.at/ueber-uns/compliance/verhaltenskodex-lobbying/,Klagenfurt ,,"St. Veiter Straße 31, AT-9020 Klagenfurt",12/10/2014 0:00:00,3/28/2013 0:00:00,01.01.,http://www.lobbyreg.justiz.gv.at/edikte/ir/iredi18.nsf/alldoc/e7f128e83ce9a7e9c1257b3c003c1de6!OpenDocument
258,"Wiener Börse AG, Wien, (334022i)",Wiener Börse AG,Börseunternehmen,B,"Mag. Birgit Kuras (TT.MM.1957), MMag. Dr. Michael Buhl (TT.MM.1959), Mag. Franz Mramor (TT.MM.1969),",,,3,Nein,,LIVR-00085,334022i,,,"Präambel<br/>Als eine der ältesten Börsen der Welt 1771 gegründet, nimmt die Wiener Börse heute als kunden- und marktorientiertes Finanzdienstleistungsunternehmen eine zentrale Rolle am österreichischen Kapitalmarkt ein und trägt maßgeblich zur technologischen, rechtlichen und politischen Weiterentwicklung des Finanzplatzes Wien bei.<br/>In diesem Zusammenhang übernimmt die Wiener Börse eine wichtige Vermittlungsfunktion zwischen Wirtschaft, Politik und Öffentlichkeit. Das stellt sie oft vor die Aufgabe, sowohl die eigenen wie auch die unterschiedlichen Interessen der anderen Kapitalmarktakteure (z. B. Banken, Versicherungen, Unternehmen, Handelsteilnehmer) in Einklang zu bringen. Diese Arbeit setzt ein hohes Maß an persönlicher Integrität sowie gesellschafts- und wirtschaftspolitischer Sensibilität voraus.<br/>Darüber hinaus gelten Transparenz und Qualität als zwei wesentliche Grundvoraussetzungen für streng regulierte Kapitalmärkte: In diesem Sinne gibt sich die Wiener Börse – in Orientierung an internationalen Vorbildern – einen eigenständigen, verbindlichen Verhaltenskodex für alle mit Public Affairs-Agenden befassten Mitarbeiter.<br/>Neben der Verpflichtung zur Achtung sämtlicher gesetzlicher Vorschriften sowie der Grundsätze der Freiheit der Meinungsäußerung, des Rechts auf Information, der Unabhängigkeit der Medien und des Schutzes der Persönlichkeitsrechte gelten für die mit Public Affairs-Agenden befassten Mitarbeiter die folgenden Grundsätze:<br/>Ehrlichkeit<br/>Die Mitarbeiter verpflichten sich zur Ehrlichkeit gegenüber politischen Entscheidungsträgern, den Medien sowie der Öffentlichkeit und arbeiten ausschließlich mit Informationen, die nach bestem Wissen und Gewissen der Wahrheit entsprechen. Sie vermeiden jegliche Irreführung durch Verwendung falscher oder unvollständiger Angaben.<br/>Vertraulichkeit <br/>Gespräche mit politischen Entscheidungsträgern und Organen der Gesetzgebung werden vertraulich behandelt; vertrauliche Informationen werden nur mit ausdrücklicher Zustimmung weitergegeben.<br/>Keine unlautere Einflussnahme<br/>Weder bei der Kommunikation noch bei der Realisierung von Interessen wird unlauterer, unangemessener oder ungesetzlicher Einfluss auf politische Entscheidungsträger ausgeübt. Dies gilt insbesondere hinsichtlich direkter oder indirekter finanzieller Anreize.<br/>Respekt <br/>Die Mitarbeiter gehen mit allen Gesprächspartnern respektvoll um und verpflichten sich, deren berufliche und persönliche Reputation zu achten.<br/>Keine Diskriminierung <br/>Es besteht die Verpflichtung, in der beruflichen Tätigkeit keine Diskriminierung, insbesondere aufgrund von Herkunft, Geschlecht, Alter, Religion, Behinderung oder sexueller Orientierung zuzulassen oder an Verhaltensweisen teilzunehmen, die einen Diskriminierungstatbestand erfüllen.<br/>Rücksichtnahme<br/>Die Mitarbeiter nehmen grundsätzlich darauf Bedacht, dass durch ihre Verhaltensweisen und/oder Handlungen das öffentliche Ansehen der Wiener Börse nicht beeinträchtigt bzw. negativ beeinflusst wird. ",Wien,,"Wallnerstraße 8, AT-1010 Wien",6/9/2015 0:00:00,3/29/2013 0:00:00,1.1.,http://www.lobbyreg.justiz.gv.at/edikte/ir/iredi18.nsf/alldoc/1bd2f65cc345ac8fc1257b3d003f05ee!OpenDocument
9,"Alcatel-Lucent Austria AG, Wien, (096641w)",Alcatel-Lucent Austria AG,Telekommunikation und verwandte Gebiete,B,"Mag. Thomas Arnoldner (TT.MM.1977), Mag. Robert König (TT.MM.1972), Ing. Christian Watzinger (TT.MM.1962),",,,3,Nein,,LIVR-00086,096641w,,,Lobbying Verhaltenskodex der Alcatel-Lucent Austria AG,Wien,http://www.alcatel-lucent.at,"Leonard-Bernstein-Straße 10, 1220 Wien",11/9/2015 0:00:00,3/29/2013 0:00:00,01.01.,http://www.lobbyreg.justiz.gv.at/edikte/ir/iredi18.nsf/alldoc/21bd9912cb09f1ecc1257b3d003f0a64!OpenDocument
103,"Imperial Tobacco Austria Marketing Service GmbH, Wien, (286093a)",Imperial Tobacco Austria Marketing Service GmbH,"Die Imperial Tobacco Austria Marketing Service GmbH ist die österreichische Vertriebs- und Marketinggesellschaft der Imperial Tobacco Group, dem viertgrößten Tabakkonzern der Welt.",B,"Nikolaus Gutjahr (TT.MM.1973), Mag. Livia Kolmitz (TT.MM.1979),",,,2,Nein,,LIVR-00087,286093a,,,Österreichische Public Affairs Vereinigung,Wien,http://www.imperial-tobacco.at,"Zieglergasse 6, Top 501-502, AT-1070 Wien",11/9/2015 0:00:00,3/29/2013 0:00:00,1.10.,http://www.lobbyreg.justiz.gv.at/edikte/ir/iredi18.nsf/alldoc/918447415cecde90c1257b3d003f122e!OpenDocument
226,"TIWAG-Tiroler Wasserkraft AG, Eduard-Wallnöfer-Platz 2, AT-6020 Innsbruck, (044133b)",TIWAG-Tiroler Wasserkraft AG,Energieversorgungsunternehmen,B,"DI Johann Herdina (TT.MM.1957), Dr. Erich Entstrasser (TT.MM.1960), DI Thomas Gasser (TT.MM.1969),",,,3,Nein,,LIVR-00088,044133b,,,"Die Unternehmenslobbyisten halten sich an den von Oesterreichs Energie veröffentlichten Verhaltenskodex, abrufbar unter http://oesterreichsenergie.at/Oesterreichs-Energie.html","Eduard-Wallnöfer-Platz 2, AT-6020 Innsbruck",https://www.tiroler-wasserkraft.at,"Eduard-Wallnöfer-Platz 2, AT-6020 Innsbruck",3/21/2016 0:00:00,3/29/2013 0:00:00,01.01.,http://www.lobbyreg.justiz.gv.at/edikte/ir/iredi18.nsf/alldoc/0348de902d58e24dc1257b3d003f19a0!OpenDocument
24,"Austrian Power Grid AG, Wien, (177696v)",Austrian Power Grid AG,Übertragungsnetzbetreiber,B,"VD DI Mag. FH Gerhard Christiner (TT.MM.1969), VD Mag. Thomas Karall (TT.MM.1961), Mag. Manfred Pils (TT.MM.1954), Ing. DI Mag. Marion Medlitsch (TT.MM.1980), Mag. Ines Micheler (TT.MM.1978), Fritz Wöber (TT.MM.1966), Mag. Christoph Schuh (TT.MM.1972), DI Wolfgang Hafner (TT.MM.1962), VV Dr. Ulrike Baumgartner-Gabitzer (TT.MM.1957),",,,9,Nein,,LIVR-00089,177696v,,,https://www.apg.at/de/ueber-uns/strategie-leitbild/Compliance/Verhaltenskodex%20Lobbying,Wien,http://www.apg.at/,"Wagramer Straße 19, IZD Tower, AT-1220 Wien",11/30/2015 0:00:00,3/29/2013 0:00:00,1.1.,http://www.lobbyreg.justiz.gv.at/edikte/ir/iredi18.nsf/alldoc/baa2b8dfc8c040a0c1257b3d003f2521!OpenDocument
112,"JTI Austria GmbH, Wien, (309726f)",JTI Austria GmbH,"Gegenstand des Unternehmens der<br/>Gesellschaft ist das Marketing von<br/>Tabakwaren, insbesondere von Ta-<br/>bakwaren, die von der JTI Gruppe<br/>hergestellt werden, sowie von Waren<br/>aller Art. Die Gesellschaft ist außerdem zu allen<br/>Handlungen, Geschäften und Maß-<br/>nahmen berechtigt, die zur Erreichung<br/>des Gesellschaftszwecks notwendig<br/>und nützlich sind.",B,"Stefan Eberler (TT.MM.1965), Iris Perz (TT.MM.1981), Jürgen Klampfer (TT.MM.1969), Hagen von Wedel (TT.MM.1957), Wolfgang Louzek (TT.MM.1959), Ralf-Wolfgang Lothert (TT.MM.1965), Magdalena Schuster (TT.MM.1983),",,,7,Nein,,LIVR-00090,309726f,,,ÖPAV<br/>JTI Code of Conduct,Wien,http://www.jti.com,"Koppstraße 116, AT-1160 Wien",4/4/2016 0:00:00,3/29/2013 0:00:00,01.01.,http://www.lobbyreg.justiz.gv.at/edikte/ir/iredi18.nsf/alldoc/4f96ec0cc271033dc1257b3d003f3f17!OpenDocument
22,"Austria Tabak GmbH, Wien, (286839y)",Austria Tabak GmbH,"Gegenstand des Unternehmens der<br/>Gesellschaft ist die Verarbeitung von<br/>Tabaken, insbesondere die Herstel-<br/>lung und der Vertrieb von Tabakwa-<br/>ren, und der Handel mit Waren aller<br/>Art, insbesondere mit Tabakwaren.<br/>Die Gesellschaft ist außerdem zu allen<br/>Handlungen, Geschäften und Maß-<br/>nahmen berechtigt, die zur Erreichung<br/>des Gesellschaftszwecks notwendig<br/>und nützlich sind.",B,"Stefan Eberler (TT.MM.1965), Iris Perz (TT.MM.1981), Jürgen Klampfer (TT.MM.1969), Hagen von Wedel (TT.MM.1957), Wolfgang Louzek (TT.MM.1959), Ralf-Wolfgang Lothert (TT.MM.1965), Magdalena Schuster (TT.MM.1983),",,,7,Nein,,LIVR-00091,286839y,,,ÖPAV<br/>JTI Code of Conduct,Wien,http://www.jti.com,"Koppstraße 116, AT-1160 Wien",4/4/2016 0:00:00,3/29/2013 0:00:00,01.01.,http://www.lobbyreg.justiz.gv.at/edikte/ir/iredi18.nsf/alldoc/fdd6026ca08c7f6cc1257b3d003fa63c!OpenDocument
27,"Autobahnen- und Schnellstraßen-Finanzierungs-Aktiengesellschaft, Rotenturmstraße 5-9, 1011 Wien, (92191a)",Autobahnen- und Schnellstraßen-Finanzierungs-Aktiengesellschaft,"Planung, Finanzierung, Bau, Erhaltung, Betrieb und Bemautung des hochrangigen Straßennetzes in Österreich",B,"Dipl.-Ing. Alois Schedl (TT.MM.1952), Dr. Klaus Schierhackl (TT.MM.1968), Mag. Gabriele Lutter (TT.MM.1962), Dipl.-Ing. Gernot Brandtner (TT.MM.1965), Ing. Mag. Bernd Datler (TT.MM.1973), Dr. Josef Fiala (TT.MM.1962), Dipl.-Ing. Klaus Fink (TT.MM.1950), Mag. Rainer Kienreich (TT.MM.1968), Dipl.-Ing. Alexander Walcher (TT.MM.1969), Mag. Gabriele Csoklich (TT.MM.1964), Dipl.-Ing. Christian Honeger (0TT.MM.1970), Mag. Martina Hacker (TT.MM.1975), Dr. Hubert Resch (TT.MM.1969), Dr. Anton Sieber (TT.MM.1965), Mag. Christian Spitaler (TT.MM.1968), Dr. Wolfgang Treitler (TT.MM.1977), Christian Ebner (TT.MM.1971), Dagmar Frankl (TT.MM.1976), Dipl.-Ing. Andreas Fromm (TT.MM.1976), Dipl.-Ing. Christian Goeltl (TT.MM.1976), Ing. Mag. Andreas Goldnagl (TT.MM.1969), Dipl.-Ing. Dietmar Harbauer (TT.MM.1971), Dipl.-Ing. Martin Kirchmair (TT.MM.1961), Ing. René List (TT.MM.1970), Ing. Wilhelm Lorber (TT.MM.1957), Heimo Maier Farkas (TT.MM.1967), Mag. Thomas Mitscha (TT.MM.1970), Dipl.-Ing. René Moser (TT.MM.1979), Rudolf Nagele (TT.MM.1959), Dipl.-Ing. Karl Christian Petz (TT.MM.1969), Dipl.-Ing. Arno Piko (TT.MM.1974), Dipl.-Ing. Thomas Grünstäudl (TT.MM.1971), Mag. Walter Riepler (TT.MM.1968), Ing. Klaus Schinagl (TT.MM.1958), Dr. Albert Ager (TT.MM.1968), Dipl.-Ing. Gerhard Eberl (TT.MM.1951), Dr. Wolfgang Berger (TT.MM.1973), Dipl.-Ing. Alexander Dallinger (TT.MM.1968), Mag. Werner Fritz (TT.MM.1968), Manfred Haase (TT.MM.1970), Dipl.-Ing. Manfred Harrer (TT.MM.1969), Ing. Alexander Hoegl (TT.MM.1969), Ing. Christian Krall (TT.MM.1966), Mag. Markus Pistrol (TT.MM.1968), Barbara Prerowsky (TT.MM.1966), Ing. Werner Riffnaller (0TT.MM.1961), Dipl.-Ing. Christian Sauer (TT.MM.1974), Dipl.-Ing. Georg Steyrer (TT.MM.1972), Ing. Hannes Zausnig (TT.MM.1969), Mag. Hartwig Hufnagl (TT.MM.1976), Dipl.-Ing. David Kollenhofer (TT.MM.1980), Dipl.-Ing. Ralf Fischer (TT.MM.1967), Ing. Otto Wöchtl (TT.MM.1955), Mag. Martina Hamele (TT.MM.1978), Mag. Florian Kubin (TT.MM.1974), Dr. Stefan Zleptnig LL.M. (TT.MM.1977), Dipl.-Ing. Thomas Kalina (TT.MM.1972), Dipl.-Ing. Mario Krmek (TT.MM.1973), Dipl.-Ing. Thomas Steiner (TT.MM.1962), Dipl.-Ing. Markus Meissner (TT.MM.1973), Ing. Mag. Michaela Haertenberger (TT.MM.1977), Mag. FH Wolfgang Truger (TT.MM.1975), Mag. Bernhard Jelinek (TT.MM.1980), Mag. Andrea Schneider (TT.MM.1971), Dipl.-Ing. Mag. Stefan Resch (TT.MM.1978),",,,65,Nein,,LIVR-00092,92191a,,,Verhaltenskodex für verantwortungsvolles Lobbying der ASFINAG,"Rotenturmstraße 5-9, 1011 Wien",http://www.asfinag.at/,"Rotenturmstraße 5-9, 1011 Wien",4/13/2015 0:00:00,3/29/2013 0:00:00,01.01.,http://www.lobbyreg.justiz.gv.at/edikte/ir/iredi18.nsf/alldoc/0f35e6967ec283c0c1257b3d003fad0d!OpenDocument
148,"Österreichische Bundesbahnen-Holding Aktiengesellschaft, Am Hauptbahnhof 2, AT-1100 Wien, (247642f)",Österreichische Bundesbahnen-Holding Aktiengesellschaft,Gesamtkoordination der Erstellung und Umsetzung der Unternehmensstrategien der Konzerngesellschaften mit deren Hauptaufgaben Beförderung von Personen und Gütern sowie Bereitstellung von Schieneninfrastruktur,B,"Mag. Victor Vaugoin (TT.MM.1981), Ing. Mag. Hubert Kuzdas (TT.MM.1961),",,,2,Nein,,LIVR-00093,247642f,,,Lobbying Verhaltenskodex für den ÖBB-Konzern,"Am Hauptbahnhof 2, AT-1100 Wien",http://www.oebb.at,"Am Hauptbahnhof 2, AT-1100 Wien",11/9/2015 0:00:00,3/29/2013 0:00:00,01.01.,http://www.lobbyreg.justiz.gv.at/edikte/ir/iredi18.nsf/alldoc/8d34eae636ba3af8c1257b3d003fb49b!OpenDocument
231,"UniCredit Bank Austria AG, Wien, (150714p)",UniCredit Bank Austria AG,Betrieb von Bankgeschäften,B,"Willibald Cernko (TT.MM.1956), Mag. Walter Schwarz (TT.MM.1969),",,,2,Nein,,LIVR-00094,150714p,,,Der Verhaltenskodex der UniCredit Bank Austria AG ist auf unserer Homepage unter Investor Relations/Corporate Governance/Verhaltenskodex einseh- und abrufbar.,Wien,http://www.bankaustria.at,"Schottengasse 6-8, AT-1010 Wien",9/23/2015 0:00:00,3/29/2013 0:00:00,01.01.,http://www.lobbyreg.justiz.gv.at/edikte/ir/iredi18.nsf/alldoc/3e8a6b1a1b8d2780c1257b3d003fc384!OpenDocument
94,"Hewlett-Packard Gesellschaft mbH, Wien, (094241s)",Hewlett-Packard Gesellschaft mbH,"Als Technologie-Unternehmen bietet Hewlett Packard Enterprise ein umfassendes Portfolio von Lösungen in den Segmenten Software, Services und IT Infrastruktur.",B,"DI Norbert Schöfberger (TT.MM.1968), Dr Gregor Gessner (TT.MM.1974), DI Werner Plessl (TT.MM.1968),",,,3,Nein,,LIVR-00095,094241s,,,Hewlett Packard Enterprise Standards of Business Conduct,Wien,http://investors.hpe.com/governance/sbc,"Wienerbergstraße 41, 1120 Wien",4/4/2016 0:00:00,3/29/2013 0:00:00,01.11.,http://www.lobbyreg.justiz.gv.at/edikte/ir/iredi18.nsf/alldoc/4d7875e01fa5f3aac1257b3d003fcbbb!OpenDocument
183,"Pfizer Corporation Austria Gesellschaft m.b.H., Wien, (126844k)",Pfizer Corporation Austria Gesellschaft m.b.H.,"Pharmaunternehmen, Großhandel mit Arzneimitteln",B,"Mag. Dieter Hackl (TT.MM.1973),",,,1,Nein,,LIVR-00096,126844k,,,"Die Pfizer Corporation Austria Ges.m.b.H. legt ihren Lobbying-Tätigkeiten das Pfizer Blue Book, den Pharmig Verhaltenskodex und den Verhaltenskodex der Österreichischen Public Affairs Vereinigung zugrunde.",Wien,http://www.pfizer.at,"Floridsdorfer Hauptstraße 1, AT-1210 Wien",3/21/2016 0:00:00,3/29/2013 0:00:00,1.12.,http://www.lobbyreg.justiz.gv.at/edikte/ir/iredi18.nsf/alldoc/8674e16ae067e68fc1257b3d003fdd66!OpenDocument
221,"Telekom Austria Aktiengesellschaft, Wien, (144477t)",Telekom Austria Aktiengesellschaft,Telekommunikation,B,"Mag. Daniela Feuersinger (TT.MM.1979), Mag. Dr. Mario Mayerthaler (TT.MM.1976), Mag. Marielouise Gregory MBA (TT.MM.1967), Valeria Barbaro MSc (TT.MM.1985), Dipl. Ing. Siegfried Mayrhofer (TT.MM.1967), Alejandro Plater (TT.MM.1967),",,,6,Ja,,LIVR-00097,144477t,,,http://www.telekomaustria.com/verantwortung/Compliance-Richtlinien.php,Wien,http://www.telekomaustria.com/,"Lassallestraße 9, AT-1020 Wien",1/11/2016 0:00:00,3/29/2013 0:00:00,01.01.,http://www.lobbyreg.justiz.gv.at/edikte/ir/iredi18.nsf/alldoc/19815f0aa8b67c87c1257b3d003fea43!OpenDocument
189,"Raiffeisen-Landesbank Tirol AG, Innsbruck, (223624i)",Raiffeisen-Landesbank Tirol AG,"Finanzwirtschaft, Kreditinstitut",B,"MMag. Reinhard Mayr (TT.MM.1954), Dr. Hannes Schmid (TT.MM.1953),",,,2,Nein,,LIVR-00098,223624i,,,Verhaltenskodex der Raiffeisen-Landesbank Tirol AG,Innsbruck,http://www.rlb-tirol.at,"Adamgasse 1 - 7, AT-6020 Innsbruck",11/9/2015 0:00:00,3/29/2013 0:00:00,01.01.,http://www.lobbyreg.justiz.gv.at/edikte/ir/iredi18.nsf/alldoc/e1d7ed0e75a32995c1257b3d003ff7b5!OpenDocument
118,"Kapsch TrafficCom AG, Wien, (223805a)",Kapsch TrafficCom AG,"Kapsch TrafficCom ist ein Anbieter von hoch performanten Intelligent Transportation Systems (ITS) in den Applikationsbereichen Mauteinhebung, Stadtzugangsregelung und Verkehrssicherheit. Kapsch TrafficCom deckt die gesamte Wertschöpfungskette der Kunden ab, indem Produkte und Komponenten sowie Subsysteme als offene Marktprodukte vertrieben, zu schlüsselfertigen Systemen integriert oder Komplettlösungen („End-to-End Solutions“) einschließlich Dienstleistungen für den technischen und kommerziellen Systembetrieb entwickelt und aus einer Hand geliefert werden.",B,"Richard Lax BA MSc (TT.MM.1972), Mag. Vinzenz Kastner (TT.MM.1977), Mag. Thomas Reznicek (TT.MM.1969), MMag. Erik Sidney Kroiher MA (TT.MM.1972), Mag. FH Gilbert Konzett MA (TT.MM.1976),",,,5,Ja,,LIVR-00099,223805a,,,Ein Verhaltenskodex (Code of Conduct) ist vorhanden und auf der Homepage abrufbar.,Wien,http://www.kapsch.net,"Am Europlatz 2, AT-1120 Wien",11/23/2015 0:00:00,3/29/2013 0:00:00,01.04.,http://www.lobbyreg.justiz.gv.at/edikte/ir/iredi18.nsf/alldoc/4f108cdcb3a41860c1257b3d00400610!OpenDocument
193,"RAIFFEISENLANDESBANK NIEDERÖSTERREICH-WIEN AG, Wien, (203160s)",RAIFFEISENLANDESBANK NIEDERÖSTERREICH-WIEN AG,Inländisches Kreditinstitut / Raiffeisenbanken,B,"Mag. Klaus Buchleitner (TT.MM.1964), Dr. Georg Kraft-Kinz (TT.MM.1962), Mag. Reinhard Karl (TT.MM.1964), Mag. Michael Rab (TT.MM.1961), Mag. Andreas Fleischmann (TT.MM.1967),",,,5,Ja,,LIVR-00100,203160s,,,Der Verhaltenskodex der RAIFFEISENLANDESBANK NÖ-W gemäß §7 LobbyG ist auf der Homepage unter http://www.raiffeisenbank.at/eBusiness/services/resources/media/1015018521967-472679084812101538_472685425526013750-892492217686173013-1-30-NA.pdf abrufbar.,Wien,,"Friedrich-Wilhelm-Raiffeisenplatz 1, AT-1020 Wien",4/20/2015 0:00:00,3/29/2013 0:00:00,01.01.,http://www.lobbyreg.justiz.gv.at/edikte/ir/iredi18.nsf/alldoc/6e9c20db73f01247c1257b3d004010db!OpenDocument
259,"Wienerberger AG, Wien, (77676f)",Wienerberger AG,Holdinggesellschaft einer international tätigen Baustoffgruppe,B,"DI Gerhard Koch (TT.MM.1958), Dr. Heimo Scheuch (TT.MM.1966), Anne-Sophie Gerst (TT.MM.1987),",,,3,Nein,,LIVR-00101,77676f,,,Verhaltenskodex für Lobbying-Aktivitäten der Wienerberger-Gruppe,Wien,http://www.wienerberger.com,"Wienerberg City, Wienerbergstr. 11, AT-1100 Wien",5/4/2015 0:00:00,3/29/2013 0:00:00,01.01.,http://www.lobbyreg.justiz.gv.at/edikte/ir/iredi18.nsf/alldoc/e19e78d774f6d082c1257b3d004018d8!OpenDocument
191,"Raiffeisen Zentralbank Österreich Aktiengesellschaft, Wien, (058882t)",Raiffeisen Zentralbank Österreich Aktiengesellschaft,Kreditinstitut,B,"Dr. Walter Rothensteiner (0TT.MM.1953), Mag. Elisabeth Ottawa (TT.MM.1977),",,,2,Ja,,LIVR-00102,058882t,,,Verhaltenskodex der Raiffeisen Zentralbank Österreich Aktiengesellschaft,Wien,http://www.rzb.at,"Am Stadtpark 9, AT-1030 Wien",11/9/2015 0:00:00,3/29/2013 0:00:00,01.01.,http://www.lobbyreg.justiz.gv.at/edikte/ir/iredi18.nsf/alldoc/41426e596ff8371ac1257b3d004056e6!OpenDocument
195,"Rail Cargo Austria Aktiengesellschaft, Wien, (248731g)",Rail Cargo Austria Aktiengesellschaft,"Aufgabe der Rail Cargo Austria AG ist insbesondere die Beförderung von <br/>Gütern, einschließlich der Erbringung von gemeinwirtschaftlichen Leistungen, sowie <br/>die Herstellung und das Betreiben aller hiezu notwendigen Einrichtungen und die <br/>Besorgung aller damit zusammenhängenden oder dadurch veranlassten Geschäfte (zB <br/>der Erwerb von Beteiligungen) sowie vor allem das Führen eines öffentlichen <br/>Güterverkehrs auf Grund von Tarifen.",B,"Alfred Pitnik (TT.MM.1967),",,,1,Nein,,LIVR-00103,248731g,,,Lobbying Verhaltenskodex für den ÖBB Konzern,Wien,http://www.railcargo.at,"Am Hauptbahnhof 2, AT-1100 Wien",12/10/2015 0:00:00,3/29/2013 0:00:00,01.01.,http://www.lobbyreg.justiz.gv.at/edikte/ir/iredi18.nsf/alldoc/24bc9d84f450e9a1c1257b3d00406230!OpenDocument
190,"Raiffeisen Bank International AG, Wien, (122119m)",Raiffeisen Bank International AG,Kreditinstitut,B,"Dr. Karl Sevelda (TT.MM.1950),",,,1,Ja,,LIVR-00104,122119m,,,Verhaltenskodex der Raiffeisen Bank International AG,Wien,http://www.rbinternational.com,"Am Stadtpark 9, AT-1030 Wien",11/9/2015 0:00:00,3/29/2013 0:00:00,01.01.,http://www.lobbyreg.justiz.gv.at/edikte/ir/iredi18.nsf/alldoc/6668bec5ce8b2019c1257b3d00406857!OpenDocument
1,"A1 Telekom Austria Aktiengesellschaft, Wien, (280571f)",A1 Telekom Austria Aktiengesellschaft,Telekommunikation,B,"Dipl. Ing. Siegfried Mayrhofer (TT.MM.1967), Marcus Grausam (TT.MM.1968), Alexander Sperl (TT.MM.1971), Mag. Daniela Feuersinger (TT.MM.1979), Mag. Dr. Mario Mayerthaler (TT.MM.1976), Mag. Marielouise Gregory (TT.MM.1967), Ing. Peter Uher (TT.MM.1970), Peter Kriz (TT.MM.1962), Mag. Peter Rass (TT.MM.1966), MMag. Helgar Thomic-Sutterlüti (TT.MM.1965), Roman Weißensteiner (TT.MM.1973), Dipl. Ing. Christian Vasak (TT.MM.1963), Dr. Günter Farmer (TT.MM.1953), Manfred Kramml (TT.MM.1961), Franz Velisek MBA (TT.MM.1966), Mag. Michael Seitlinger LL.M. (TT.MM.1978), Ing. Roland Türke (TT.MM.1966), Christian Reinstadler (TT.MM.1969), Ing. Markus Halb MBA (TT.MM.1970), Reinhard Mark (TT.MM.1967), Mag. Sonja Wallner (TT.MM.1971),",,,21,Ja,,LIVR-00105,280571f,,,http://www.a1.net/ueber-uns/zukunft/compliance,Wien,http://www.a1.net/,"Lassallestraße 9, AT-1020 Wien",1/11/2016 0:00:00,3/29/2013 0:00:00,01.01.,http://www.lobbyreg.justiz.gv.at/edikte/ir/iredi18.nsf/alldoc/c0dd3efdbd23b104c1257b3d004070fe!OpenDocument
46,"Bundesrechenzentrum Gesellschaft mit beschränkter Haftung, Wien, (160573m)",Bundesrechenzentrum Gesellschaft mit beschränkter Haftung,Wahrnehmung von gesetzlich oder durch Verordnung übertragenen und von vertraglich übernommenen Aufgaben der Informations- und Kommunikationstechnologie (§ 2 BRZG).,B,"Dipl. Ing. Roland Jabkowski MBA (TT.MM.1959), Mag. Christine Sumper-Billinger (TT.MM.1973),",,,2,Nein,,LIVR-00142,160573m,,,Der Lobbying-Verhaltenskodex der BRZ GmbH ist auf der BRZ-Homepage unter http://www.brz.gv.at/impressum.html unter der Überschrift Lobbying-Verhaltenskodex der BRZ GmbH einseh- und ausdruckbar.,Wien,http://www.brz.gv.at,"Hintere Zollamtsstraße 4, AT-1030 Wien",8/24/2015 0:00:00,4/2/2013 0:00:00,01.01.,http://www.lobbyreg.justiz.gv.at/edikte/ir/iredi18.nsf/alldoc/b7b206ae0b7bdfeec1257b410026ee72!OpenDocument
135,"Netz Niederösterreich GmbH, Maria Enzersdorf, (268133p)",Netz Niederösterreich GmbH,Tätigkeitsbereich der Gesellschaft ist die Errichtung und der Betrieb von Verteilernetzen nach dem ElWOG samt Ausführungsgesetzen und Fernleitungs- und Verteilernetzen nach dem GWG in den jeweils gültigen Fassungen sowie Erbringung von damit im Zusammenhang stehenden Dienstleistungen an Dritte.,B,"DI Robert Essbüchl (TT.MM.1954), DI Johannes Reindl (TT.MM.1954),",,,2,Nein,,LIVR-00143,268133p,,,Verhaltenskodex von Oesterreichs Energie <br/>http://www.netz-noe.at/Unternehmen/Gleichbehandlung/Verhaltenskodex.aspx,Maria Enzersdorf,http://www.netz-noe.at/,"EVN Platz, AT-2344 Maria Enzersdorf",3/7/2016 0:00:00,4/2/2013 0:00:00,1.10.,http://www.lobbyreg.justiz.gv.at/edikte/ir/iredi18.nsf/alldoc/00cf4b29e3dce15ac1257b410026f7e2!OpenDocument
247,"VERBUND Thermal Power GmbH & Co KG in Liqu., Neudorf ob Wildon, (220426g)",VERBUND Thermal Power GmbH &amp; Co KG in Liqu.,Stromerzeugung,B,"Dipl.-Ing. Robert Koubek (TT.MM.1965), Mag. Eduard Schreiner (TT.MM.1965),",,,2,Nein,,LIVR-00144,220426g,,,Der Verhaltenskodex ist auf der Website veröffentlicht: http://www.verbund.com/cc/de/verantwortung/stakeholder ,Neudorf ob Wildon,http://www.verbund.com,"Weißeneggweg 1, AT-8410 Neudorf ob Wildon",6/15/2015 0:00:00,4/2/2013 0:00:00,01.01.,http://www.lobbyreg.justiz.gv.at/edikte/ir/iredi18.nsf/alldoc/4a6e6dc91395ba2bc1257b41002702a3!OpenDocument
243,"VERBUND AG (zum 24.11.2015 als übernehmende Gesellschaft mit der VERBUND Renewable Power GmbH als übertragende Gesellschaft verschmolzen), Wien, (076023z)",VERBUND AG (zum 24.11.2015 als übernehmende Gesellschaft mit der VERBUND Renewable Power GmbH als übertragende Gesellschaft verschmolzen),"Stromerzeugung, -handel und -vertrieb",B,"Dipl.-Ing. Wolfgang Anzengruber (TT.MM.1956), Dr. Johann Sereinig (TT.MM.1952), Dipl.-Ing. Dr. Günther Rabensteiner (TT.MM.1953), Dr. Andreas Bräuer (TT.MM.1962), Mag. Roland Langthaler (TT.MM.1962), Mag. Dr. Franz Zöchbauer (TT.MM.1974), Mag. Dr. Günther Haider (TT.MM.1967), MMag. Walburga Hemetsberger (TT.MM.1975), Dr. Peter Kollmann (TT.MM.1962), Dipl.-Ing. Dr. Otto Pirker (TT.MM.1954), Mag. Jutta Fabjan (TT.MM.1978),",,,11,Ja,,LIVR-00145,076023z,,,Der Verhaltenskodex ist auf der Website veröffentlicht: http://www.verbund.com/cc/de/verantwortung/stakeholder,Wien,http://www.verbund.com,"Am Hof 6a, AT-1011 Wien",3/21/2016 0:00:00,4/2/2013 0:00:00,01.01.,http://www.lobbyreg.justiz.gv.at/edikte/ir/iredi18.nsf/alldoc/55e070d3b26ecdf8c1257b410027290c!OpenDocument
248,"VERBUND Trading GmbH, Wien, (173735v)",VERBUND Trading GmbH,Stromhandel,B,"Mag. Werner Fleischer (TT.MM.1955), Mag. Robert Slovacek (TT.MM.1980),",,,2,Nein,,LIVR-00146,173735v,,,Der Verhaltenskodex ist auf der Website veröffentlicht: http://www.verbund.com/cc/de/verantwortung/stakeholder,Wien,http://www.verbund.com,"Am Hof 6A, AT-1010 Wien",9/23/2015 0:00:00,4/2/2013 0:00:00,01.01.,http://www.lobbyreg.justiz.gv.at/edikte/ir/iredi18.nsf/alldoc/87ebf3be2403f499c1257b4100272fc2!OpenDocument
69,"Erste Bank der oesterreichischen Sparkassen AG, Wien, (286283f)",Erste Bank der oesterreichischen Sparkassen AG,"Finanzwirtschaft, Kreditinstitut",B,"Dr. Thomas Uher (TT.MM.1965), Edith Steinbauer-Jano MBA (TT.MM.1969), Dr. Matthias Blume (TT.MM.1969), Christoph Mühlbacher-Blum MAS (TT.MM.1974), MMag. Gerda Holzinger-Burgstaller (TT.MM.1979), Martina Ernst MBA (TT.MM.1961), Mag. Mariana Kühnel M.A. (TT.MM.1983), Mag. Georg Posch (TT.MM.1973),",,,8,Nein,,LIVR-00147,286283f,,,Verhaltenskodex der Erste Bank der oesterreichischen Sparkassen AG<br/>https://www.sparkasse.at/erstebank/Ueber-uns/Facts/Verhaltenskodex-gemaess-Lobby-Gesetz,Wien,https://www.sparkasse.at/erstebank/,"Am Belvedere 1, AT-1100 Wien",2/29/2016 0:00:00,4/2/2013 0:00:00,01.01.,http://www.lobbyreg.justiz.gv.at/edikte/ir/iredi18.nsf/alldoc/2d1d319a7bc1e826c1257b4100274697!OpenDocument
136,"Netz Oberösterreich GmbH, Linz, (266534m)",Netz Oberösterreich GmbH,"Die Netz Oberösterreich GmbH ist im Strombereich Träger der Verteilernetzbetreiberkonzession in Teilen der Bundesländer Oberösterreich, Salzburg, Niederösterreich und Steiermark und übt die Tätigkeit eines Verteilernetzbetreibers im Erdgasbereich aus.",B,"Dipl.-Ing. Manfred Hofer MBA (TT.MM.1963), Dipl.-Ing. Dr. Walter Tenschert (TT.MM.1954), Dipl.-Ing. Michael Haselauer MBA (TT.MM.1968),",,,3,Nein,,LIVR-00173,266534m,,,Lobbyingspezifischer Verhaltenskodex der Energie AG Oberösterreich<br/>http://strom.netzgmbh.at/eag_at/resources/284094835607631929_936140845284646953_3S7AF90V.pdf sowie http://erdgas.netzgmbh.at/fileadmin/media/OOE_Ferngas_Netz_GmbH/Unternehmen/Verhaltenskodex_Lobbygesetz.pdf,Linz,http://www.netzgmbh.at,"Neubauzeile 99, AT-4030 Linz",7/6/2015 0:00:00,4/5/2013 0:00:00,01.10.,http://www.lobbyreg.justiz.gv.at/edikte/ir/iredi18.nsf/alldoc/c80a79318db96d14c1257b44002b8387!OpenDocument
63,"Energie AG Oberösterreich, Linz, (076532y)",Energie AG Oberösterreich,"Die Energie AG Oberösterreich ist ein regionales Infrastrukturunternehmen, welches in den Sparten Strom, Gas, Wärme, Telekommunikation, Entsorgung und Wasserversorgung im In- und Ausland tätig ist. ",B,"Generaldirektor Dr. Leo Windtner (TT.MM.1950), Vorstandsdirektor Ing. DDr. Werner Steinecker MBA (TT.MM.1957), Vorstandsdirektor Dr. Andreas Kolar (TT.MM.1961),",,,3,Nein,,LIVR-00174,076532y,,,Lobbyingspezifischer Verhaltenskodex der Energie AG Oberösterreich<br/>http://www.energieag.at/eag_at/resources/284094835607631929_875089725499711135_QANH$GHs.pdf,Linz,http://www.energieag.at,"Böhmerwaldstr. 3, AT-4021 Linz Postfach",6/15/2015 0:00:00,4/5/2013 0:00:00,01.10.,http://www.lobbyreg.justiz.gv.at/edikte/ir/iredi18.nsf/alldoc/7c8e2c16ca26be5fc1257b44002b8a6f!OpenDocument
224,"TIGAS-Erdgas Tirol GmbH, Innsbruck, (033547i)",TIGAS-Erdgas Tirol GmbH,"Beschaffung, Lieferung und Verteilung von Erdgas sowie die Errichtung und der Betrieb aller dazu notwendigen Anlagen",B,"Dr. Philipp Hiltpolt (TT.MM.1956),",,,1,Nein,,LIVR-00175,033547i,,,"Der Unternehmenslobbyist, Dr. Philipp Hiltpolt, hält sich an den von Oesterreichs Energie veröffentlichten Verhaltenskodex, abrufbar unter http://oesterreichsenergie.at/Oesterreichs-Energie.html. Angemerkt wird, dass TIGAS kein Mitgliedsunternehmen von Oesterreichs Energie ist, Unternehmenslobbyisten der TIGAS sich aber dennoch an den Verhaltenskodex halten",Innsbruck,http://www.tigas.at/internet_tigas/,"Salurnerstraße 15, AT-6020 Innsbruck",3/21/2016 0:00:00,4/5/2013 0:00:00,01.01.,http://www.lobbyreg.justiz.gv.at/edikte/ir/iredi18.nsf/alldoc/fd841310936aee5ec1257b44002b98d6!OpenDocument
246,"VERBUND Sales GmbH, Wien, (200640i)",VERBUND Sales GmbH,Stromvertrieb,B,"Mag. DDr. Karl Gollegger (TT.MM.1952), Mag. Jürgen Bormann (TT.MM.1975), Ing. Andreas Lanz MBA (TT.MM.1971),",,,3,Nein,,LIVR-00176,200640i,,,Der Verhaltenskodex ist auf der Website veröffentlicht: http://www.verbund.com/cc/de/verantwortung/stakeholder,Wien,http://www.verbund.com,"Europaplatz 2, AT-1150 Wien",7/14/2015 0:00:00,4/5/2013 0:00:00,01.01.,http://www.lobbyreg.justiz.gv.at/edikte/ir/iredi18.nsf/alldoc/2d1ff900dbccdf9ac1257b44002b9fdb!OpenDocument
245,"VERBUND Renewable Power GmbH (zum 24.11.2015 als übertragende Gesellschaft mit der VERBUND AG als übernehmende Gesellschaft verschmolzen), Wien, (299163x)",VERBUND Renewable Power GmbH (zum 24.11.2015 als übertragende Gesellschaft mit der VERBUND AG als übernehmende Gesellschaft verschmolzen),Stromerzeugung,B,"Mag. Philipp Wieltschnig (TT.MM.1980),",,,1,Nein,,LIVR-00177,299163x,,,Der Verhaltenskodex ist auf der Website veröffentlicht: http://www.verbund.com/cc/de/verantwortung/stakeholder,Wien,http://www.verbund.com,"Europaplatz 2, AT-1150 Wien",3/21/2016 0:00:00,4/5/2013 0:00:00,01.01.,http://www.lobbyreg.justiz.gv.at/edikte/ir/iredi18.nsf/alldoc/979a6ef2ee67e102c1257b44002ba4c2!OpenDocument
244,"VERBUND Hydro Power GmbH, Wien, (084438z)",VERBUND Hydro Power GmbH,Stromerzeugung,B,"Ing. Mag. Michael Amerer (TT.MM.1963), Dipl.-Ing. Dr. Karl Heinz Gruber (TT.MM.1962), Dr. Gundula Konrad (TT.MM.1973),",,,3,Nein,,LIVR-00178,084438z,,,Der Verhaltenskodex ist auf der Website veröffentlicht: http://www.verbund.com/cc/de/verantwortung/stakeholder,Wien,http://www.verbund.com,"Europaplatz 2, AT-1150 Wien",10/12/2015 0:00:00,4/5/2013 0:00:00,01.01.,http://www.lobbyreg.justiz.gv.at/edikte/ir/iredi18.nsf/alldoc/9a75a72f315fae4bc1257b44002ba874!OpenDocument
70,"Erste Group Bank AG, Wien, (033209m)",Erste Group Bank AG,"Finanzwirtschaft, Kreditinstitut",B,"Mag. Andreas Treichl (TT.MM.1952), Mag. Markus Posch (TT.MM.1959), Dr. Matthias Blume (TT.MM.1969), Edith Steinbauer-Jano MBA (TT.MM.1969), MMag. Gerda Holzinger-Burgstaller (TT.MM.1979), Mag. Mariana Kühnel M.A. (TT.MM.1983), Mag. Markus Kaller (TT.MM.1970), Mag. Kathrin Gfall-Gapp (TT.MM.1975), Mag. Claudia Ivanov-Huber (TT.MM.1983), Eugen Hammer LL.B. (TT.MM.1985), Mag. Friedrich Mostböck (TT.MM.1963),",,,11,Ja,,LIVR-00179,033209m,,,"Verhaltenskodex der Erste Group Bank AG, http://www.erstegroup.com/de/Ueber-uns/CorporateGovernance",Wien,https://www.erstegroup.com,"Am Belvedere 1, AT-1100 Wien",2/29/2016 0:00:00,4/5/2013 0:00:00,01.01.,http://www.lobbyreg.justiz.gv.at/edikte/ir/iredi18.nsf/alldoc/3dba8f4f87ce1018c1257b44002c226f!OpenDocument
83,"GlaxoSmithKline Pharma GmbH, EUROPLAZA, Gebäude I, Wagenseilgasse 3, AT-1120 Wien, (115955y)",GlaxoSmithKline Pharma GmbH,Großhandel mit pharmazeutischen Erzeugnissen,B,"Dr. Ronald Pichler (TT.MM.1970), Andrea Lederer (TT.MM.1965), Elisabeth Walcher (TT.MM.1959), Alexandra Köberl (TT.MM.1964), Susanne Döpper (TT.MM.1969), Richard Szambor (TT.MM.1966), Valentin Schulter (TT.MM.1973),",,,7,Nein,,LIVR-00180,115955y,,,Verhaltenskodex der Österreichischen Public Affairs Vereinigung ,"EUROPLAZA, Gebäude I, Wagenseilgasse 3, AT-1120 Wien",http://www.glaxosmithkline.at/,"EUROPLAZA, Gebäude I, Wagenseilgasse 3, AT-1120 Wien",4/4/2016 0:00:00,4/5/2013 0:00:00,01.01.,http://www.lobbyreg.justiz.gv.at/edikte/ir/iredi18.nsf/alldoc/0dad54259eadc1a1c1257b44002c2a32!OpenDocument
62,"Energie AG Oberösterreich Umwelt Holding GmbH (seit 2.12.2013 kein Lobbyist mehr), Böhmerwaldstr. 3, AT-4021 Linz, (282562h)",Energie AG Oberösterreich Umwelt Holding GmbH (seit 2.12.2013 kein Lobbyist mehr),"Erwerb, das Halten und die Verwaltung von Beteiligungen an anderen Gesellschaften und Unternehmen der Energie AG Oberösterreich <br/>Umwelt Gruppe ",B,"Mag. Helmut Burger (TT.MM.1963),",,,1,Nein,,LIVR-00181,282562h,,,Lobbyingspezifischer Verhaltenskodex der Energie AG Oberösterreich ,"Böhmerwaldstr. 3, AT-4021 Linz",http://umweltservice.energieag.at,"Böhmerwaldstr. 3, AT-4021 Linz Postfach",6/23/2015 0:00:00,4/5/2013 0:00:00,01.10.,http://www.lobbyreg.justiz.gv.at/edikte/ir/iredi18.nsf/alldoc/2c785caa191bb2dbc1257b44002c2fcd!OpenDocument
43,"Bristol-Myers Squibb GesmbH, Österreich, (037055v)",Bristol-Myers Squibb GesmbH,Pharmazeutische Industrie,B,"Mag. Ulrich Lübcke (TT.MM.1960), Dr. Clemens Schödl (TT.MM.1967), Mag. Horst-Dietmar Müller (TT.MM.1970), Petra Döcker (TT.MM.1965), Mag. FH Regina Pucher (TT.MM.1976),",,,5,Nein,,LIVR-00182,037055v,,,Lobbying Verhaltenskodex der Pharmig und Verhaltenskodex der Österreichischen Public Affairs Vereinigung,Österreich,http://www.b-ms.at,"Rivergate / Gate 1 / 5. OG, AT-1200 Wien",2/11/2016 0:00:00,4/5/2013 0:00:00,01.01.,http://www.lobbyreg.justiz.gv.at/edikte/ir/iredi18.nsf/alldoc/356f44c81a5851dcc1257b44002c37b0!OpenDocument
217,"STEWEAG-STEG GmbH, Graz, (196943y)",STEWEAG-STEG GmbH,Betrieb eines Elektrizitätsunternehmen im Sinne des ELWOG,B,"Dr. Josef Kranz (TT.MM.1957),",,,1,Nein,,LIVR-00183,196943y,,,Verhaltenskodex gemäß Lobbying- und Interessenvertretungs-Transparenz-Gesetz (LobbyG BGBl 2012/64) für Unternehmenslobbyisten<br/>http://oesterreichsenergie.at/Oesterreichs-Energie.html,Graz,http://www.e-steiermark.com/strom/,"Leonhardgürtel 10, AT-8010 Graz",3/11/2014 0:00:00,4/5/2013 0:00:00,1.1.,http://www.lobbyreg.justiz.gv.at/edikte/ir/iredi18.nsf/alldoc/83d1b622560f8615c1257b44002c44c6!OpenDocument
98,"IBM Österreich Internationale Büromaschinen Gesellschaft m.b.H., Wien, (080000y)",IBM Österreich Internationale Büromaschinen Gesellschaft m.b.H.,Handelsgesellschaft,B,"Mag Tatjana Oppitz (TT.MM.1962), Ing Mag Marco Porak (TT.MM.1978), Mag Markus Felmayer (TT.MM.1958),",,,3,Ja,,LIVR-00184,080000y,,,Business Conduct Guidelines,Wien,,"Obere Donaustr. 95, AT-1020 Wien",11/30/2015 0:00:00,4/5/2013 0:00:00,1.1.,http://www.lobbyreg.justiz.gv.at/edikte/ir/iredi18.nsf/alldoc/3bae212ab25589bec1257b44002c5442!OpenDocument
137,"Novartis Pharma GmbH, Wien, (041622i)",Novartis Pharma GmbH,Vertrieb von pharmazeutischen Erzeugnissen,B,"Erwin Marton MAS MSc (TT.MM.1957), Mag. Christian Thonke M.A. (TT.MM.1974),",,,2,Nein,,LIVR-00185,041622i,,,http://www.novartis.at/gesellschaftliche_verantwortung/unternehmensethik/index.shtml,Wien,http://www.novartis.at/,"Stella-Klein-Löw-Weg 17, AT-1020 Wien",12/10/2015 0:00:00,4/5/2013 0:00:00,1.1.,http://www.lobbyreg.justiz.gv.at/edikte/ir/iredi18.nsf/alldoc/66ff85d09e1df94bc1257b44002c5b1b!OpenDocument
218,"Stromnetz Steiermark GmbH, Graz, (270474g)",Stromnetz Steiermark GmbH,Verteilernetzbetreiber gemäß Stmk. ElWOG,B,"DI Dr. Franz Strempfl (TT.MM.1965),",,,1,Nein,,LIVR-00186,270474g,,,Verhaltenskodex gemäß Lobbying- und Interessenvertretungs-Transparenz-Gesetz (LobbyG BGBl 2012/64) für Unternehmenslobbyisten<br/>http://oesterreichsenergie.at/Oesterreichs-Energie.html,Graz,http://www.stromnetzsteiermark.at/,"Leonhardgürtel 10, AT-8010 Graz",3/11/2014 0:00:00,4/5/2013 0:00:00,1.1.,http://www.lobbyreg.justiz.gv.at/edikte/ir/iredi18.nsf/alldoc/fc36993e88d25413c1257b44002c6839!OpenDocument
79,"Gasnetz Steiermark GmbH, Graz, (242892w)",Gasnetz Steiermark GmbH,Verteilernetzbetreiber gemäß GWG,B,"DI FH Manfred Pachernegg (TT.MM.1964),",,,1,Nein,,LIVR-00187,242892w,,,Verhaltenskodex gemäß Lobbying- und Interessenvertretungs-Transparenz-Gesetz (LobbyG BGBl 2012/64) für Unternehmenslobbyisten<br/>http://oesterreichsenergie.at/Oesterreichs-Energie.html,Graz,http://www.gasnetzsteiermark.at/,"Leonhardgürtel 10, AT-8010 Graz",3/11/2014 0:00:00,4/5/2013 0:00:00,1.1.,http://www.lobbyreg.justiz.gv.at/edikte/ir/iredi18.nsf/alldoc/2a04d23c94cbf0ecc1257b44002c73a7!OpenDocument
66,"Energie Steiermark AG, Graz, (148124f)",Energie Steiermark AG,"strategisch operative Muttergesellschaft von Konzerngesellschaften in den Sparten Strom, Gas, Fernwärme",B,"DI Christian Purrer (0TT.MM.1955), DI Olaf Kieser (TT.MM.1966),",,,2,Nein,,LIVR-00188,148124f,,,Verhaltenskodex gemäß Lobbying- und Interessensvertretungs-Transparenz-Gesetz (LobbyG BGBl 2012/64) für Unternehmenslobbyisten<br/>http://oesterreichsenergie.at/Oesterreichs-Energie.html,Graz,http://www.e-steiermark.com/,"Leonhardgürtel 10, AT-8010 Graz",3/11/2014 0:00:00,4/5/2013 0:00:00,1.1.,http://www.lobbyreg.justiz.gv.at/edikte/ir/iredi18.nsf/alldoc/04f4350a978dd19fc1257b44002c7c07!OpenDocument
139,"Oberösterreichische Ferngas Aktiengesellschaft (seit 01.10.2014 kein Lobbyist mehr), Neubauzeile 99, AT-4030 Linz, (312918z)",Oberösterreichische Ferngas Aktiengesellschaft (seit 01.10.2014 kein Lobbyist mehr),"Die Oberösterreichische Ferngas Aktiengesellschaft ist ein regionales Unternehmen, zu dessen Gegenstand vornehmlich der Betrieb eines Erdgasunternehmens und die Versorgung mit Energie sowie die Erbringung von Telekommunikationsdienstleistungen gehören.",B,"Vorstandsdirektor KommR Ing. Dr. Johann Grünberger (TT.MM.1953),",,,1,Nein,,LIVR-00189,312918z,,,Der lobbyingspezifische Verhaltenskodex der Mehrheitseigentümerin Energie AG Oberösterreich hat auch für die Oberösterreichische Ferngas Aktiengesellschaft Gültigkeit.<br/>http://www.ooeferngas.at/fileadmin/media/OOE_Ferngas_AG/unternehmen/130312_Verhaltenskodex_Energie_AG_<br/>LobbyG.pdf,"Neubauzeile 99, AT-4030 Linz",http://www.ooeferngas.at,"Neubauzeile 99, AT-4030 Linz",6/23/2015 0:00:00,4/5/2013 0:00:00,01.10.,http://www.lobbyreg.justiz.gv.at/edikte/ir/iredi18.nsf/alldoc/291b04d5abcf3235c1257b44002c85c5!OpenDocument
144,"OÖ. Ferngas Netz GmbH (seit 1.10.2014 kein Lobbyist mehr), Neubauzeile 99, AT-4030 Linz, (293793z)",OÖ. Ferngas Netz GmbH (seit 1.10.2014 kein Lobbyist mehr),Die OÖ. Ferngas Netz GmbH ist Verteilernetzbetreiber <br/>iSd § 7 Abs 1 Z 72 Gaswirtschaftsgesetz 2011 (GWG 2011),B,"Geschäftsführer Dipl.-Ing. Mag. Dr. Günther Stimmeder (TT.MM.1955),",,,1,Nein,,LIVR-00190,293793z,,,Der lobbyingspezifische Verhaltenskodex der Energie AG Oberösterreich (Mehrheitseigentümerin der 100% Gesellschafterin Oberösterreichische Ferngas Aktiengesellschaft) hat auch für die OÖ. Ferngas Netz GmbH Gültigkeit.<br/>http://www.ooeferngasnetz.at/de/unternehmen/unternehmenswerte/leitbild-und-leitfaden.html<br/>mit Link zu<br/>http://www.ooeferngas.at/fileadmin/media/OOE_Ferngas_AG/unternehmen/130312_Verhaltenskodex_Energie_AG_<br/>LobbyG.pdf,"Neubauzeile 99, AT-4030 Linz",http://www.ooeferngasnetz.at,"Neubauzeile 99, AT-4030 Linz",6/23/2015 0:00:00,4/5/2013 0:00:00,01.10.,http://www.lobbyreg.justiz.gv.at/edikte/ir/iredi18.nsf/alldoc/3c3c7cfd1050b618c1257b44002c8bb8!OpenDocument
61,"Energie AG Oberösterreich Power Solutions GmbH, Böhmerwaldstraße 3, AT-4020 Linz, (224772y)",Energie AG Oberösterreich Power Solutions GmbH,"Die Energie AG Oberösterreich Power Solutions GmbH bietet unter den Marken <br/>„Energie AG Power Solutions“, „gasdiskont.at“ und „ENSERV“ Energielösungen nach Maß. Das Unternehmen bietet für jeden Bedarf optimierte Angebote in den Bereichen Erdgas- und Wärmeversorgung, Biogas, Energieeffizienz und Erneuerbare Energien.",B,"Geschäftsführer Klaus Dorninger MBA (TT.MM.1960),",,,1,Nein,,LIVR-00191,224772y,,,Lobbyingspezifischer Verhaltenskodex der <br/>Energie AG Oberösterreich Power Solutions GmbH.<br/>http://www.ooegw.at/fileadmin/media/OOE_Gas-Waerme_GmbH/Unternehmen/Engagement/Verhaltenskodex_Energie_AG_Power_Solutions.pdf,"Böhmerwaldstraße 3, AT-4020 Linz",http://www.powersolutions.energieag.at,"Böhmerwaldstraße 3, AT-4020 Linz",6/23/2015 0:00:00,4/5/2013 0:00:00,01.10.,http://www.lobbyreg.justiz.gv.at/edikte/ir/iredi18.nsf/alldoc/8d2a6fbf876fa1d7c1257b44002c90d5!OpenDocument
23,"Austrian Airlines AG, Office Park 2, AT-1300 Wien-Flughafen, (111000k)",Austrian Airlines AG,Luftfahrtunternehmen,B,"Mag. Walter Reimann (TT.MM.1960), Mag. Veronika Wüster Mais (TT.MM.1985),",,,2,Ja,,LIVR-00193,111000k,,,http://www.austrian.com/Info/LegalRegulations/Imprint.aspx?sc_lang=de&amp;cc=AT,"Office Park 2, AT-1300 Wien-Flughafen",http://www.austrian.com,"Office Park 2, AT-1300 Wien-Flughafen",11/16/2015 0:00:00,4/5/2013 0:00:00,01.01.,http://www.lobbyreg.justiz.gv.at/edikte/ir/iredi18.nsf/alldoc/3be2cca26f14f574c1257b44004f3b26!OpenDocument
30,"Baxter Aktiengesellschaft, Wien, (201876b)",Baxter Aktiengesellschaft,"Herstellung, Aufbereitung von Medizinprodukten sowie Handel mit Medizinprodukten; Herstellung von Arzneimitteln und Grosshandel mit Arzniemitteln",B,"Karl-Günther Petrovsky (TT.MM.1958),",,,1,Nein,,LIVR-00194,201876b,,,Pharmig Verhaltenskodex,Wien,http://www.baxter.at,"Industriestraße 67, AT-1221 Wien",4/5/2013 0:00:00,4/5/2013 0:00:00,1.1.,http://www.lobbyreg.justiz.gv.at/edikte/ir/iredi18.nsf/alldoc/756675caa7f1b565c1257b44004f460f!OpenDocument
155,"Österreichische Post Aktiengesell- schaft, Wien, (180219d)",Österreichische Post Aktiengesell- schaft,"1.	Die Erbringung von Leistungen und Schaffung der dafür erforderlichen Voraussetzungen auf dem Gebiet <br/>a.	des Postdienstes im Sinne des Postmarktgesetz (BGBL I 2009/123) in seiner jeweils geltenden Fassung; <br/>b.	des Paketdienstes; <br/>c.	des Gelddienstes; <br/>d.	anderer kommerzieller Leistungen, soweit dadurch die unter lit a) bis c) angeführten Aufgaben nicht beeinträchtigt werden, insbesondere Finanzdienstleistungen im Sinne des Postsparkassengesetzes (BGBL 458/1969) in seiner jeweils geltenden Fassung, die Beförderung von Gütern mit Kraftfahrzeugen des Straßenverkehrs, der Handel mit und der Vertrieb von Waren aller Art sowie die Vermarktung von Werbeflächen. <br/>2.	Die Erbringung von Leistungen auf dem Gebiet der Kommunikations- und Informationstechnologie in der automatischen Datenverarbeitung und Informationstechnik. <br/>3.	Die Planung, die Errichtung sowie die Wartung und der Betrieb von Infrastruktureinrichtungen zu den unter Abs. 1 und 2 genannten Zwecken.",B,"DI Harald Hagenauer  (TT.MM.1965), Mag.phil. Manuela Bruck (TT.MM.1968), Mag.phil. Adam Christian (TT.MM.1983), Dr. Alexander Frech (0TT.MM.1978), Mag.iur. Anneliese Ettmayer (TT.MM.1974), Mag.rer.soc.oec Ingeborg Gratzer (TT.MM.1969), Dr. Wolfgang Gschwandtner (TT.MM.1970), DI Walter Hitziger (TT.MM.1960), Norbert Kosicak (TT.MM.1959), Anton Krautgartner (TT.MM.1969), Mag.iur. Torsten Marx (TT.MM.1976), Horst Mooshandl (TT.MM.1975), Ing. Franz Nigl (0TT.MM.1963), DI Walter Oblin (TT.MM.1969), DI Dr. Georg Pölzl (TT.MM.1957), Mag. Jasmin Schweinhammer (TT.MM.1985), Wolfgang Stangl (TT.MM.1968), DI FH MSc Michael Ullrich (TT.MM.1963), DI Peter Umundum (TT.MM.1964), MBA MSc Johann Weinberger (TT.MM.1959), DI Stefan Wägele (TT.MM.1971), Frank Eckmaier (TT.MM.1965), MBA Alois Mondschein (TT.MM.1965), Alois Lingfeld (TT.MM.1980), Hülsmann Ulrich (TT.MM.1980),",,,25,Ja,,LIVR-00196,180219d,,,"Verhaltens- und Ethikkodex der Österreichische Post AG, siehe http://www.post.at/downloads/Post_CoC_Okt2012.pdf?1365090269",Wien,http://www.post.at,"Haidingergasse 1, AT-1030 Wien",3/21/2016 0:00:00,4/5/2013 0:00:00,1.1.,http://www.lobbyreg.justiz.gv.at/edikte/ir/iredi18.nsf/alldoc/667705403aac7323c1257b44004fa44d!OpenDocument
97,"Hutchison Drei Austria GmbH, Wien, (140132b)",Hutchison Drei Austria GmbH,Telekommunikation,B,"Jan Trionow (TT.MM.1970), Simone Keglovics (TT.MM.1968), Gerhard Horvath (TT.MM.1968), Natalie Ségur-Cabanac (TT.MM.1973),",,,4,Nein,,LIVR-00200,140132b,,,https://www.drei.at/portal/de/bottomnavi/ueber-drei/unternehmen/,Wien,http://www.drei.at,"Brünner Straße 52, AT-1210 Wien",3/11/2014 0:00:00,4/8/2013 0:00:00,1.1.,http://www.lobbyreg.justiz.gv.at/edikte/ir/iredi18.nsf/alldoc/0b5bc2951dbe3900c1257b4700543f7b!OpenDocument
11,"AMGEN GMBH, Prinz Eugenstraße 8-10, AT-1040 Wien, (131018z)",AMGEN GMBH,Vertrieb pharmazeutischer Produkte,B,"Dr. Christoph Eder  (TT.MM.1972),",,,1,Nein,,LIVR-00222,131018z,,,Pharmig Lobbying Verhaltenscodex ,"Prinz Eugenstraße 8-10, AT-1040 Wien",http://www.amgen.at/,"Prinz Eugenstraße 8-10, AT-1040 Wien",2/17/2016 0:00:00,4/10/2013 0:00:00,1.1.,http://www.lobbyreg.justiz.gv.at/edikte/ir/iredi18.nsf/alldoc/6ef0d9e39b66728ac1257b4900270a90!OpenDocument
134,"Netz Burgenland Strom GmbH, Eisenstadt, (128458i)",Netz Burgenland Strom GmbH,Verteilernetzbetreiber nach dem ElWOG samt Ausführungsgesetzen,B,"Ing. Peter Sinowatz (TT.MM.1960), Ing. Mag. Johann Wachtler (0TT.MM.1955),",,,2,Nein,,LIVR-00223,128458i,,,Verhaltenskodex von Oesterreichs Energie<br/>http://oesterreichsenergie.at/Oesterreichs-Energie.html,Eisenstadt,http://www.netzburgenland.at/,"Kasernenstraße 9, AT-7000 Eisenstadt",11/16/2015 0:00:00,4/10/2013 0:00:00,01.10.,http://www.lobbyreg.justiz.gv.at/edikte/ir/iredi18.nsf/alldoc/835ac1de87941546c1257b4900275bbe!OpenDocument
225,"TINETZ-Tiroler Netze GmbH, Thaur, (216507v)",TINETZ-Tiroler Netze GmbH,Stromverteilernetzbetrieb in Tirol,B,"Mag. Thomas Trattler (TT.MM.1969),",,,1,Nein,,LIVR-00224,216507v,,,"Der Unternehmenslobbyist, Mag. Thomas Trattler, hält sich an den von Oesterreichs Energie veröffentlichten Verhaltenskodex, abrufbar unter http://oesterreichsenergie.at/Oesterreichs-Energie.html.",Thaur,http://www.tinetz.at/,"Bert-Köllensperger-Str. 7, AT-6065 Thaur",3/21/2016 0:00:00,4/10/2013 0:00:00,01.01.,http://www.lobbyreg.justiz.gv.at/edikte/ir/iredi18.nsf/alldoc/8524ff98be4d85f6c1257b4900276408!OpenDocument
65,"Energie Burgenland Windkraft GmbH, Kasernenstraße 9, AT-7000 Eisenstadt, (221762x)",Energie Burgenland Windkraft GmbH,"Windkraftanlagen  und -parks, Ökostromhandel",B,"Klaus Maras (TT.MM.1959), Wolfgang Trimmel (TT.MM.1967), Günter Clauss (TT.MM.1954), Josef Kuzmits (TT.MM.1972),",,,4,Nein,,LIVR-00227,221762x,,,Verhaltenskodex von Österreichs Energie,"Kasernenstraße 9, AT-7000 Eisenstadt",http://www.energieburgenland.at,"Kasernenstraße 9, AT-7000 Eisenstadt",11/9/2015 0:00:00,4/11/2013 0:00:00,01.10.,http://www.lobbyreg.justiz.gv.at/edikte/ir/iredi18.nsf/alldoc/2f954f00ea42bad9c1257b4a002403b7!OpenDocument
64,"Energie Burgenland AG, Kasernenstraße 9, AT-7000 Eisenstadt, (126805d)",Energie Burgenland AG,Energieversorgung,B,"Michael Gerbavsits (TT.MM.1967), Alois Ecker (TT.MM.1960), Johann Teuschler (TT.MM.1960), Günter Nemeth (TT.MM.1954), Beate Pauer-Zinggl (0TT.MM.1974), Gerald Opitz (TT.MM.1972),",,,6,Nein,,LIVR-00228,126805d,,,Verhaltenskodex von Österreichs Energie,"Kasernenstraße 9, AT-7000 Eisenstadt",http://www.energieburgenland.at,"Kasernenstraße 9, AT-7000 Eisenstadt",11/9/2015 0:00:00,4/11/2013 0:00:00,01.10.,http://www.lobbyreg.justiz.gv.at/edikte/ir/iredi18.nsf/alldoc/f0ee2aab435b046ac1257b4a002407f3!OpenDocument
252,"Vorarlberger Illwerke Aktiengesellschaft, Weidachstraße 6, AT-6900 Bregenz, (059202m)",Vorarlberger Illwerke Aktiengesellschaft,Elektrizitätsunternehmen,B,"Dr. Christof Germann (TT.MM.1962), Dipl.-Ing. Helmut Mennel (TT.MM.1960),",,,2,Nein,,LIVR-00236,059202m,,,Verhaltenskodex der Elektrizitätsunternehmen Österreichs (Oesterreichs Energie),"Weidachstraße 6, AT-6900 Bregenz",,"Weidachstraße 6, AT-6900 Bregenz",8/31/2015 0:00:00,4/15/2013 0:00:00,01.01.,http://www.lobbyreg.justiz.gv.at/edikte/ir/iredi18.nsf/alldoc/ececeeb99cfd30cbc1257b4e00268110!OpenDocument
68,"ERA Elektro Recycling Austria GmbH, Wien, (262491t)",ERA Elektro Recycling Austria GmbH,"Genehmigtes Sammel- und Verwertungssystem<br/>für Elektroaltgeräte und Geräte-, Fahrzeug- und<br/>Industriealtbatterien",B,"DI Thomas Maier (TT.MM.1963),",,,1,Nein,,LIVR-00237,262491t,,,Verhaltenskodex: ERA Lobbying-Verhaltenskodex,Wien,http://www.era-gmbh.at,"Mariahilfer Straße 123, AT-1062 Wien",7/6/2015 0:00:00,4/15/2013 0:00:00,01.01.,http://www.lobbyreg.justiz.gv.at/edikte/ir/iredi18.nsf/alldoc/6cc913d21b94c289c1257b4e00268d85!OpenDocument
145,"ÖBB-Postbus GmbH, Am Hauptbahnhof 2, 1100 Wien, (250198p)",ÖBB-Postbus GmbH,Führung eines Busbetriebes,B,"Mag. Christian Eder (TT.MM.1963),",,,1,Nein,,LIVR-00238,250198p,,,Lobbying Verhaltenskodex für den ÖBB-Konzern,"Am Hauptbahnhof 2, 1100 Wien",http://www.postbus.at,"Am Hauptbahnhof 2, 1100 Wien",11/30/2015 0:00:00,4/15/2013 0:00:00,01.01.,http://www.lobbyreg.justiz.gv.at/edikte/ir/iredi18.nsf/alldoc/c5669c7baa64d404c1257b4e002694ae!OpenDocument
131,"Merck Gesellschaft mbH, Zimbagasse 5, 1147 Wien, (082186m)",Merck Gesellschaft mbH,"Market Access, Pricing, Reimbursement, Lobbying im Gesundheitsbereich, Mitarbeit in Standesvertretungen FOPI, Pharmig",B,"Dr. Ulrike Berger (TT.MM.1960),",,,1,Nein,,LIVR-00239,082186m,,,"Pharmig, EFPIA, ÖPAV","Zimbagasse 5, 1147 Wien",http://www.merck.at,"Zimbag. 5, AT-1147 Wien",4/15/2013 0:00:00,4/15/2013 0:00:00,1.1.,http://www.lobbyreg.justiz.gv.at/edikte/ir/iredi18.nsf/alldoc/343f1c3d5d89c9b1c1257b4e00269cf0!OpenDocument
205,"SANOFI-AVENTIS GmbH seit 31.3.2014 kein Unternehmenslobbyist mehr beschäftigt, Wien, (159034z)",SANOFI-AVENTIS GmbH seit 31.3.2014 kein Unternehmenslobbyist mehr beschäftigt,Großhandel mit pharmazeutischen Produkten,B,"Ines Windisch MBA (TT.MM.1976),",,,1,Nein,,LIVR-00240,159034z,,,"EFPIA, Pharmig, ÖPAV",Wien,http://www.sanofi.at,"Leonard-Bernstein-Straße 10, AT-1220 Wien, SATURN Tower",4/14/2014 0:00:00,4/15/2013 0:00:00,1.1.,http://www.lobbyreg.justiz.gv.at/edikte/ir/iredi18.nsf/alldoc/7ee1e5217d38e1a3c1257b4e0026a3af!OpenDocument
187,"RAIFFEISEN-HOLDING NIEDERÖSTERREICH-WIEN regGenmbH, Wien, (095970h)",RAIFFEISEN-HOLDING NIEDERÖSTERREICH-WIEN regGenmbH,Beteiligungsgesellschaft / Holding / Verwaltung und Führung von Unternehmen und Betrieben,B,"Mag. Erwin Hameseder (TT.MM.1956), Mag. Klaus Buchleitner (TT.MM.1964), Mag. Veronika Haslinger (TT.MM.1972), Mag. Michael Rab (TT.MM.1961),",,,4,Ja,,LIVR-00241,095970h,,,Der Verhaltenskodex der RAIFFEISEN-HOLDING NIEDERÖSTERREICH-WIEN registrierte Genossenschaft mit beschränkter Haftung gemäß §7 LobbyG ist auf der Homepage unter http://www.rhnoew.at/eBusiness/01_template1/1021234568466-438808404648088342_439778370205470962_892478790544652759-892478790544652759-NA-37-NA.html abrufbar.,Wien,http://www.rhnoew.at,"Friedrich-Wilhelm-Raiffeisen-Platz 1, AT-1020 Wien",4/20/2015 0:00:00,4/15/2013 0:00:00,01.01.,http://www.lobbyreg.justiz.gv.at/edikte/ir/iredi18.nsf/alldoc/addd32f9950d3813c1257b4e0026b3dc!OpenDocument
10,"Altstoff Recycling Austria Aktiengesellschaft, Wien, (038398v)",Altstoff Recycling Austria Aktiengesellschaft,Genehmigtes Sammel- und Vewertungssystem<br/>für Haushalts- und Gewerbeverpackungen,B,"Dr. Christoph Scharff (TT.MM.1958), Ing. Werner Knausz (TT.MM.1959), Mag. Sandra Holzinger  (TT.MM.1971),",,,3,Ja,,LIVR-00242,038398v,,,ARA Lobbying-Verhaltenskodex,Wien,http://www.ara.at/,"Mariahilfer Straße 123, AT-1062 Wien",9/14/2015 0:00:00,4/15/2013 0:00:00,01.01.,http://www.lobbyreg.justiz.gv.at/edikte/ir/iredi18.nsf/alldoc/4f545327cb136c8cc1257b4e0026bc2c!OpenDocument
156,"Österreichische Sportwetten Gesellschaft m.b.H., Rennweg 44, AT-1038 Wien, (196645i)",Österreichische Sportwetten Gesellschaft m.b.H.,Durchführung von Sportwetten,B,"Mag. Philip Newald (TT.MM.1972), Mag. Georg Weber (TT.MM.1972), Mag. Markus Eder (TT.MM.1972), Mag. Thorsten Leitgeb (TT.MM.1980),",,,4,Nein,,LIVR-00253,196645i,,,Verhaltenskodex der Österreichischen Public Affairs Vereinigung,"Rennweg 44, AT-1038 Wien",http://www.oeswe.at,"Rennweg 44, AT-1038 Wien",9/7/2015 0:00:00,4/24/2013 0:00:00,01.01.,http://www.lobbyreg.justiz.gv.at/edikte/ir/iredi18.nsf/alldoc/025333e1de8ada9ec1257b5700254ad4!OpenDocument
188,"Raiffeisen-Landesbank Steiermark AG, Kaiserfeldgasse 5, AT-8010 Graz, (264700s)",Raiffeisen-Landesbank Steiermark AG,Kreditinstitut,B,"Wilfried Thoma (TT.MM.1955), Rainer Stelzer (TT.MM.1970), Martin Schaller (TT.MM.1965),",,,3,Nein,,LIVR-00254,264700s,,,Der Verhaltenskodex der Raiffeisen-Landesbank Steiermark AG gemäß § 7 LobbyG ist auf der Homepage unter www.raiffeisen.at/eBusiness/01_template1/1020467385092-NA-892694660435257092-NA-30-NA.html abrufbar.,"Kaiserfeldgasse 5, AT-8010 Graz",http://www.raiffeisen.at/steiermark,"Kaiserfeldgasse 5, AT-8010 Graz",4/18/2016 0:00:00,4/24/2013 0:00:00,01.01.,http://www.lobbyreg.justiz.gv.at/edikte/ir/iredi18.nsf/alldoc/6a2219f3d975ac65c1257b57002550c0!OpenDocument
192,"Raiffeisenlandesbank Burgenland und Revisionsverband eGen, Raiffeisenstraße 1, AT-7000 Eisenstadt, (121834v)",Raiffeisenlandesbank Burgenland und Revisionsverband eGen,Bank- und Kreditgeschäft,B,"Dr. Rudolf Könighofer (TT.MM.1962),",,,1,Nein,,LIVR-00255,121834v,,,Verhaltenskodex der RLB Burgenland gemäß §7 LobbyG,"Raiffeisenstraße 1, AT-7000 Eisenstadt",http://www.rlb-bgld.at,"Raiffeisenstraße 1, AT-7000 Eisenstadt",8/3/2015 0:00:00,4/24/2013 0:00:00,01.01.,http://www.lobbyreg.justiz.gv.at/edikte/ir/iredi18.nsf/alldoc/a2ab400ef97b97edc1257b57002558b9!OpenDocument
227,"Tobaccoland Handels GmbH & Co KG, Wien, (220995v)",Tobaccoland Handels GmbH &amp; Co KG,Großhandel für Tabak- und Nichttabakwaren,B,"Manfred Knapp (TT.MM.1971), Pablo Di Biase (TT.MM.1965), Oliver Strobl (TT.MM.1984), Markus Schrenk (TT.MM.1972), Wolfgang Jarosch (TT.MM.1955), Elisabeth Rübig-Straßl (TT.MM.1984), Christoph Tomaschko (TT.MM.1964), Robert Winterle (TT.MM.1970), Stefan Mürzl (TT.MM.1992), Eduard Steiner (TT.MM.1977),",,,10,Nein,,LIVR-00256,220995v,,,Verhaltenskodex gemäß LobbyG §7,Wien,http://www.tobaccoland.at,"Paltaufgasse 12-14, AT-1160 Wien",11/23/2015 0:00:00,4/24/2013 0:00:00,01.01.,http://www.lobbyreg.justiz.gv.at/edikte/ir/iredi18.nsf/alldoc/64760953384a727bc1257b5700256d3b!OpenDocument
210,"Siemens Aktiengesellschaft Österreich, Wien, (060562m)",Siemens Aktiengesellschaft Österreich,"Herstellung und Vertrieb von industriellen Erzeugnissen auf dem Gebiet der Elektro-, Nachrichten-, Mess-, Steuer- und Regeltechnik, des Maschinenbaues, der Feinmechanik und verwandter Technik; die Planung, Ausführung und der Vertrieb von Anlagen und Teilen von Anlagen aller Art, insbesondere von solchen zur Erzeugung, Übermittlung und Verarbeitung von Informationen und Energie sowie deren Anwendung auf Erzeugnisse aller Art, Herstellung und Vertrieb von Gütern, die für die hergestellten oder vertriebenen Erzeugnisse als Zubehör und Hilfsstoffe oder als Hilfsmittel zweckdienlich sind, die Durchführung von Einrichtungs-, Wartungs- und Reparaturarbeiten sowie der Handel mit Waren aller Art und die Ausübung aller Gewerbe, die sich daraus ergeben.",B,"Ing. Werner Fischer (TT.MM.1960), Mag. Thomas Maurer-Mühlleitner (TT.MM.1970), Franz Mundigler (TT.MM.1962), Dipl.-Ing. Dr. Gerald Murauer (TT.MM.1974), Mag. Katharina Swoboda MBA (0TT.MM.1977), Thomas Thomasberger (TT.MM.1968), Dr. Peter Wandaller (TT.MM.1954), Mag. Bernd Wohlkinger (TT.MM.1973), Dipl.-Ing. Christian Wölfel (TT.MM.1970), KommR Helmut Schroll (TT.MM.1967), Monika Steiner (TT.MM.1961),",,,11,Keine Angaben,,LIVR-00263,060562m,,,http://www.siemens.com/sustainability/pool/cr-framework/business_conduct_guidelines_d.pdf,Wien,http://www.siemens.at,"Siemensstraße 90, AT-1210 Wien",7/7/2014 0:00:00,5/6/2013 0:00:00,01.10.,http://www.lobbyreg.justiz.gv.at/edikte/ir/iredi18.nsf/alldoc/84559c3fa42fc18cc1257b630054ba97!OpenDocument
197,"RHI AG, Wien, (103123b)",RHI AG,Großhandel mit sonstigen Halbwaren a.n.g.,B,"Franz Maier (TT.MM.1956), Randolf Fochler (TT.MM.1959), Franz Buxbaum (TT.MM.1956),",,,3,Nein,,LIVR-00264,103123b,,,RHI Code of Conduct,Wien,http://www.rhi-ag.com,"Wienerbergstraße 9, AT-1100 Wien",2/22/2016 0:00:00,5/6/2013 0:00:00,01.01.,http://www.lobbyreg.justiz.gv.at/edikte/ir/iredi18.nsf/alldoc/772f9ed3f1c9bb38c1257b630054cbb4!OpenDocument
119,"Karasek Wietrzyk Rechtsanwälte GmbH, Wien, (246828h)",Karasek Wietrzyk Rechtsanwälte GmbH,Rechtsanwaltskanzlei,B,"Dr. Thomas Frad (TT.MM.1967),",,,1,Nein,,LIVR-00265,246828h,,,"Die Lobbying-Tätigkeiten dieses Unternehmens unterliegen einem Verhaltenskodex im Sinne des § 7 LobbyG, nämlich dem Verhaltenskodex der Karasek Wietrzyk Rechtsanwälte GmbH.",Wien,http://www.kwr.at,"Fleischmarkt 1/3. Stock, AT-1010 Wien",4/7/2014 0:00:00,5/6/2013 0:00:00,01.07.,http://www.lobbyreg.justiz.gv.at/edikte/ir/iredi18.nsf/alldoc/db3edcfac7e35edac1257b630054e2b0!OpenDocument
13,"Amway Gesellschaft m.b.H., Wien, (059419g)",Amway Gesellschaft m.b.H.,Handel /Direktvertrieb,B,"Gudrun-Johanna Korec MA (TT.MM.1960),",,,1,Nein,,LIVR-00266,059419g,,,ÖPAV-Verhaltenskodex,Wien,http://www.amway.at,"Lohnergasse 2, AT-1210 Wien",11/16/2015 0:00:00,5/6/2013 0:00:00,1.1.,http://www.lobbyreg.justiz.gv.at/edikte/ir/iredi18.nsf/alldoc/862b7f80681cfb59c1257b630055032b!OpenDocument
157,"Österreichische Staatsdruckerei GmbH, Tenschertstraße 7, AT-1239 Wien, (186375g)",Österreichische Staatsdruckerei GmbH,Wert- und Sicherheitsdruck sowie e-government-Lösungen,B,"Ing. Mag. Lukas Praml (0TT.MM.1973), Dipl.-Ing. Mag. Florian Humplik (TT.MM.1973),",,,2,Nein,,LIVR-00267,186375g,,,Der Verhaltenskodex (Code of Conduct) ist auf der Website veröffentlicht:<br/>https://www.staatsdruckerei.at/investor-relations/corporate-governance/,"Tenschertstraße 7, AT-1239 Wien",,"Tenschertstraße 7, AT-1239 Wien",12/23/2015 0:00:00,5/6/2013 0:00:00,01.04.,http://www.lobbyreg.justiz.gv.at/edikte/ir/iredi18.nsf/alldoc/09fb1a75c013a8dbc1257b6300550f9b!OpenDocument
102,"IMMOFINANZ AG, Wienerbergstraße 11, AT-1100 Wien, (114425y)",IMMOFINANZ AG,börsennotierter Immobilienkonzern,B,"Dr. Oliver Schumy (TT.MM.1971), Bettina Schragl (TT.MM.1974),",,,2,Nein,,LIVR-00268,114425y,,,Corporate Governance Kodex,"Wienerbergstraße 11, AT-1100 Wien",http://www.immofinanz.com/,"Wienerbergstraße 11, AT-1100 Wien",7/20/2015 0:00:00,5/6/2013 0:00:00,01.05.,http://www.lobbyreg.justiz.gv.at/edikte/ir/iredi18.nsf/alldoc/e1dac9f5ce41619bc1257b63005513d1!OpenDocument
203,"Salzburg AG für Energie, Verkehr und Telekommunikation, 5020 Salzburg, (051350s)","Salzburg AG für Energie, Verkehr und Telekommunikation","Energie, Verkehr und Telekommunikation",B,"Dr. Leonhard Schitter M.A. (TT.MM.1967), Ing. Mag. Horst Ebner (TT.MM.1968),",,,2,Nein,,LIVR-00277,051350s,,,Verhaltenskodex Lobbying- und Interessenvertretungs-Transparenzgesetz. Grundsätze für die Ausübung von Lobbying-Tätigkeiten in der Salzburg AG,5020 Salzburg,,"Bayerhamerstraße 16, AT-5020 Salzburg",1/25/2016 0:00:00,5/21/2013 0:00:00,01.01.,http://www.lobbyreg.justiz.gv.at/edikte/ir/iredi18.nsf/alldoc/07f53cd6dd0bcae5c1257b72004e41c9!OpenDocument
40,"Boehringer Ingelheim RCV GmbH & Co KG, Wien, (312077m)",Boehringer Ingelheim RCV GmbH &amp; Co KG,"Herstellung, Abfüllung und Abpackung von diversen Stoffen und Präparaten, insbesondere Stoffe und Präparate zur arzneilichen Verwendung, sowie der Handel mit Waren aller Art insbesondere mit allen Stoffen und Präparaten, die zur arzneilichen Verwendung bestimmt sind.",B,"Dr. Georg Vana (TT.MM.1967),",,,1,Nein,,LIVR-00279,312077m,,,Lobbying Verhaltenskodex der Pharmig: http://www.pharmig.at/uploads/LobbyingVerhaltenskodex_9142_DE.pdf,Wien,http://www.boehringer-ingelheim.at/,"Dr. Boehringer-Gasse 5-11, AT-1121 Wien",9/30/2015 0:00:00,5/27/2013 0:00:00,01.01.,http://www.lobbyreg.justiz.gv.at/edikte/ir/iredi18.nsf/alldoc/ad4252491da67184c1257b78002a6715!OpenDocument
257,"WIEN ENERGIE GmbH, Thomas-Klestil-Platz 14, AT-1030 Wien, (215854h)",WIEN ENERGIE GmbH,"Als Elektrizitätsunternehmen gemäß § 7 Abs 1 Z 11 Elektrizitätswirtschafts- und organisationsgesetz 2010 umfasst der Tätigkeitsbereich der Gesellschaft neben der Erzeugung von Strom insbesondere auch Energiedienstleistungen in den Bereichen Strom, Gas und Wärme, thermische Abfallverwertung sowie weiters die Errichtung und den Betrieb von Telekommunikationsnetzen",B,"Mag. Johannes Jungbauer (TT.MM.1982), Mag. Gabriele Maderbacher-Brock (TT.MM.1967),",,,2,Nein,,LIVR-00282,215854h,,,Verhaltenskodex für Lobbyingtätigkeiten,"Thomas-Klestil-Platz 14, AT-1030 Wien",http://www.wienenergie.at,"Thomas-Klestil-Platz 14, AT-1030 Wien",4/11/2016 0:00:00,6/3/2013 0:00:00,01.01.,http://www.lobbyreg.justiz.gv.at/edikte/ir/iredi18.nsf/alldoc/ab114402384a07c2c1257b7f0036f4d0!OpenDocument
204,"Salzburg Netz GmbH, politische Gemeinde Salzburg, (265000g)",Salzburg Netz GmbH,"Verteilung von elektrischer Energie, Gas und anderen Energieträgern",B,"Dipl.-Ing. Mag. Michael Strebl (TT.MM.1964),",,,1,Nein,,LIVR-00297,265000g,,,Verhaltenskodex Lobbying- und Interessenvertretungs-Transparenzgesetz. Grundsätze für die Ausübung von Lobbying-Tätigkeiten in der Salzburg AG,politische Gemeinde Salzburg,,"Bayerhamerstraße 16, AT-5020 Salzburg",5/28/2015 0:00:00,7/11/2013 0:00:00,01.01.,http://www.lobbyreg.justiz.gv.at/edikte/ir/iredi18.nsf/alldoc/6a5fdc3a059cc87fc1257ba500474b95!OpenDocument
41,"Bombardier Transportation Austria GmbH, Wien, (202448v)",Bombardier Transportation Austria GmbH,Produktion von technischen Erzeugnissen,B,"Josef Schreder (TT.MM.1967), Dipl-Ing. Christian Diewald (TT.MM.1977), Dipl-Ing. Bruno Kittner (TT.MM.1972),",,,3,Nein,,LIVR-00302,202448v,,,Bombardier Code of Ethics<br/>http://www.bombardier.com/en/governance/code-of-ethics-and-business-conduct.html,Wien,http://www.bombardier.com,"Hermann Gebauer Straße 5, AT-1220 Wien",11/30/2015 0:00:00,7/19/2013 0:00:00,01.01.,http://www.lobbyreg.justiz.gv.at/edikte/ir/iredi18.nsf/alldoc/b79d48e265778587c1257bad002ec3a3!OpenDocument
51,"Coca-Cola Gesellschaft m.b.H., Wien, (107845x)",Coca-Cola Gesellschaft m.b.H.,Alkoholfreie Getränke,B,"Philipp Bodzenta (TT.MM.1967), Sonja Callahan (TT.MM.1972), Martin Benda (TT.MM.1969),",,,3,Nein,,LIVR-00309,107845x,,,im Einklang mit dem österreichischen Public Affairs Verband,Wien,http://www.coke.at,"Am Euro Platz 2, AT-1120 Wien",4/13/2015 0:00:00,8/12/2013 0:00:00,01.01.,http://www.lobbyreg.justiz.gv.at/edikte/ir/iredi18.nsf/alldoc/118875939e8ef530c1257bc5002c5f24!OpenDocument
126,"Lafarge Zementwerke GmbH, Gumpendorfer Straße 19-21, AT - 1060 Wien, (346878s)",Lafarge Zementwerke GmbH,Produktion und Vertrieb von hydraulischen Bindemitteln,B,"Dipl.Ing. Dr. Johannes Horvath (TT.MM.1970),",,,1,Keine Angaben,,LIVR-00310,346878s,,,Code of Business Conduct,"Gumpendorfer Straße 19-21, AT - 1060 Wien",,"Gumpendorfer Straße 19-21, AT-1060 Wien",8/12/2013 0:00:00,8/12/2013 0:00:00,01.01.,http://www.lobbyreg.justiz.gv.at/edikte/ir/iredi18.nsf/alldoc/5e8f5886504ad264c1257bc5002c6473!OpenDocument
256,"Wacker Chemie AG, München",Wacker Chemie AG,"Herstellung von Silan, Silicon, polykristallinem Silicium, polymeren Bindemitteln sowie Additiven, und weiteren Produkten für die Nahrungsmittel-, Pharma- und Agroindustrie",B,"Dr. Christian Westermeier (TT.MM.1965), Dr. Ralf Widmer (TT.MM.1965),",,,2,Nein,,LIVR-00311,,,,Wacker Code of Conduct,München,http://www.wacker.com/,"Hanns-Seidel-Platz 4, D-81737 München, Deutschland",8/19/2013 0:00:00,8/19/2013 0:00:00,01.01.,http://www.lobbyreg.justiz.gv.at/edikte/ir/iredi18.nsf/alldoc/9ed4c0e6dde48ab5c1257bcc00307012!OpenDocument
253,"Vorarlberger Kraftwerke Aktiengesellschaft, Weidachstraße 6, AT-6900 Bregenz, (353156y)",Vorarlberger Kraftwerke Aktiengesellschaft,Elektrizitätsunternehmen,B,"Dr. Christof Germann (TT.MM.1962), Dipl.-Ing. Helmut Mennel (TT.MM.1960),",,,2,Nein,,LIVR-00319,353156y,,,Verhaltenskodex der Elektrizitätsunternehmen Österreichs (Oesterreichs Energie),"Weidachstraße 6, AT-6900 Bregenz",,"Weidachstraße 6, AT-6900 Bregenz",8/31/2015 0:00:00,9/9/2013 0:00:00,01.01.,http://www.lobbyreg.justiz.gv.at/edikte/ir/iredi18.nsf/alldoc/5707c06f833877f8c1257be10032b02b!OpenDocument
85,"Google Austria GmbH, Wien, (265694b)",Google Austria GmbH,Google ist ein weltweit tätiges<br/>Technologieunternehmen. Die Google Austria<br/>GmbH ist seit 2006 in Österreich tätig und hat seine Niederlassung in Wien. ,B,"Anton Aschwanden (TT.MM.1980),",,,1,Nein,,LIVR-00321,265694b,,,Verhaltenskodex für Lobbyingtätigkeiten,Wien,http://www.google.at,"Graben 19/9, AT-1010 Wien",9/30/2013 0:00:00,9/30/2013 0:00:00,1.1.,http://www.lobbyreg.justiz.gv.at/edikte/ir/iredi18.nsf/alldoc/a76cb88997a5ea7fc1257bf6004ea369!OpenDocument
75,"Flughafen Wien Aktiengesellschaft, Wien-Flughafen, (042984m)",Flughafen Wien Aktiengesellschaft,Gegenstand des Unternehmens ist der Bau und der Betrieb von Zivilflugplätzen in Wien und Niederösterreich mit allen hiermit in Zusammenhang stehenden Nebeneinrichtungen,B,"Christian Steyrer (TT.MM.1973), Thomas Stiegmaier (TT.MM.1987),",,,2,Nein,,LIVR-00341,042984m,,,Verhaltenskodex der Österreichischen Public Affairs Vereinigung (ÖPAV),Wien-Flughafen,http://www.viennaairport.com,"Flughafen null, AT-1300 Wien-Flughafen",2/29/2016 0:00:00,12/13/2013 0:00:00,01.01.,http://www.lobbyreg.justiz.gv.at/edikte/ir/iredi18.nsf/alldoc/10b8105776782e70c1257c40002629b2!OpenDocument
211,"Society of Lloyd's, London",Society of Lloyd's,The carrying on of insurance business by the members of Lloyd’s. The advancement and protection of the interests of the members of Lloyd’s in connection with insurance business carried on by them as members of Lloyd’s.<br/>Durchführung von Versicherungsgeschäft durch die Members von Lloyd’s. Förderung und Schutz der Interessen der Members von Lloyd’s in Verbindung mit dem von ihnen als Members von Lloyd’s durchgeführtem Versicherungsgeschäft.,B,"Benno Reischel (TT.MM.1952), Rosemary Frances Beaver (TT.MM.1964), Joel Andrew David Lewis (TT.MM.1978), Finola Jayne Stoner (TT.MM.1976), Dr. Ralph Hofmann-Credner (TT.MM.1976), Nicholas Paul Demery (TT.MM.1955), Kimberley Erin Swan (TT.MM.1978),",,,7,Ja,,LIVR-00342,,,,Anti-Bribery and Anti-Corruption policy; Gifts and Entertainment policy; Compliance Manual.,London,http://www.lloyds.com/,"1 Lime Street, London, EC3M 7HA, UK; p.A. Schubertring 6, 1010 Wien",11/9/2015 0:00:00,12/23/2013 0:00:00,01.01.,http://www.lobbyreg.justiz.gv.at/edikte/ir/iredi18.nsf/alldoc/d94338ea5c83d871c1257c4a00433d1a!OpenDocument
25,"AustriaTech - Gesellschaft des Bundes für technologiepolitische Maßnahmen GmbH, Raimundgasse 1/6, AT-1020 Wien, (092873d)",AustriaTech - Gesellschaft des Bundes für technologiepolitische Maßnahmen GmbH,Privatwirtschaftsverwaltung: Forschung,B,"DI Martin Russ (TT.MM.1970),",,,1,Nein,,LIVR-00365,092873d,,,Lobbying-Verhaltenskodex vom Februar 2014,"Raimundgasse 1/6, AT-1020 Wien",http://www.austriatech.at/files/get/19fbbdeff63589c9968783ba98bd018c/lobbyingverhaltenskodex_v_1_0_0_10022014.pdf,"Raimundgasse 1/6, AT-1020 Wien",11/9/2015 0:00:00,2/17/2014 0:00:00,01.01.,http://www.lobbyreg.justiz.gv.at/edikte/ir/iredi18.nsf/alldoc/e50021d3c3498736c1257c82003632a4!OpenDocument
199,"Roche Austria GmbH, Wien, (105679k)",Roche Austria GmbH,Vertrieb pharmazeutischer Produkte,B,"Mag. Veronika Mikl (TT.MM.1980), Dr. Klaus Schuster (TT.MM.1974),",,,2,Nein,,LIVR-00370,105679k,,,"Verhaltenscodex der PHARMIG, <br/>Verhaltenskodex der Österreichischen Public Affairs Vereinigung",Wien,http://www.roche.at,"Engelhorngasse 3, AT-1211 Wien",3/18/2015 0:00:00,3/3/2014 0:00:00,01.01.,http://www.lobbyreg.justiz.gv.at/edikte/ir/iredi18.nsf/alldoc/d5eaeb8261c255dcc1257c900026c4a7!OpenDocument
117,"Kapsch BusinessCom AG, Wien, (178368g)",Kapsch BusinessCom AG,"Kapsch BusinessCom ist ein Servicepartner für ICT (Information and Communication Technology). Das Portfolio deckt Informationstechnologie und Telekommunikation ab. Kapsch BusinessCom übernimmt neben Systemintegration und laufender Optimierung auch den vollständigen Betrieb von ICT-Lösungen und agiert als Berater, Systemlieferant und Dienstleistungsanbieter in den Geschäftsbereichen ICT Facility Solutions, ICT Infrastructure Solutions und ICT Workspace &amp; Applications Solutions.",B,"Vinzenz Kastner (TT.MM.1977),",,,1,Nein,,LIVR-00381,178368g,,,Ein Verhaltenskodex (Code of Conduct) ist vorhanden und auf der Homepage abrufbar.,Wien,,"Wienerbergstraße 53, AT-1120 Wien",11/23/2015 0:00:00,5/5/2014 0:00:00,01.04.,http://www.lobbyreg.justiz.gv.at/edikte/ir/iredi18.nsf/alldoc/d8748ec488527b8fc1257ccf0030b4de!OpenDocument
206,"Sberbank Europe AG, Wien, (161285i)",Sberbank Europe AG,Kreditinstitut,B,"Valentin Mihov (TT.MM.1964), Axel Hummel (TT.MM.1967), Alexey Bogatov (TT.MM.1981),",,,3,Nein,,LIVR-00400,161285i,,,Verhaltenskodex der Sberbank Europe AG: <br/>http://www.sberbank.at/uploads/media/SBAG_Lobbying_Code_of_Conduct_1_.pdf,Wien,http://www.sberbank.at/,"Schwarzenbergplatz 3, AT-1010 Wien",4/18/2016 0:00:00,7/22/2014 0:00:00,01.01.,http://www.lobbyreg.justiz.gv.at/edikte/ir/iredi18.nsf/alldoc/a2451b9bc673901dc1257d1d00188b61!OpenDocument
37,"Biogen Austria GmbH, Wien, (157437a)",Biogen Austria GmbH,Marketing von Arzneimitteln,B,"Mag. Markus Satory (TT.MM.1971), Mag. Claudia Mraz (TT.MM.1972),",,,2,Nein,,LIVR-00405,157437a,,,Pharmig Lobbying Verhaltenscodex ,Wien,http://www.biogen.at,"Stella-Klein-Löw-Weg 15, AT-1020 Wien",2/22/2016 0:00:00,8/29/2014 0:00:00,1.1.,http://www.lobbyreg.justiz.gv.at/edikte/ir/iredi18.nsf/alldoc/ae10d3ad8cc1acc4c1257d43001929da!OpenDocument
212,"Sodexo Benefits & Rewards Services Austria GmbH, Iglaseegasse 21-23, AT-1190 Wien, (034556v)",Sodexo Benefits &amp; Rewards Services Austria GmbH,Vertrieb und Vermittlung von Essens- und Warengutscheinen,B,"Andreas Sticha (TT.MM.1973),",,,1,Nein,,LIVR-00425,034556v,,,"Verhaltenkodex abrufbar unter www.sodexo.at, unter Menüpunt Über uns - Ethische Grundsätze","Iglaseegasse 21-23, AT-1190 Wien",http://www.sodexo.at,"Iglaseegasse 21-23, AT-1190 Wien",10/28/2014 0:00:00,10/28/2014 0:00:00,01.09.,http://www.lobbyreg.justiz.gv.at/edikte/ir/iredi18.nsf/alldoc/50ab6b9744c54657c1257d7f002310dd!OpenDocument
114,"Kaiser + Kraft Gesellschaft m.b.H., Salzburg, (072764g)",Kaiser + Kraft Gesellschaft m.b.H.,"B2B Versandhandel für Betriebsausstattungen, Lagereinrichtungen und Büromöbel ",B,"GF Dipl.-Bw. Michael Moser (TT.MM.1968), Prok. Hans-Peter Helminger (TT.MM.1979),",,,2,Nein,,LIVR-00445,072764g,,,"Verhaltenskodex<br/>KAISER+KRAFT erhält seinen besonderen Charakter durch seine Mitarbeiterinnen und Mitarbeiter und sein spezifisches Geschäftsmodell. Die besondere Rolle und die Wertschätzung des Beitrages jedes Einzelnen zum Erfolg ist dabei unverzichtbar. Die KAISER+KRAFT-Unternehmenswerte geben Orientierung und bilden die Grundlage der internen Zusammenarbeit sowie der Zusammenarbeit mit Geschäftspartnern.<br/>REALITÄT BEACHTEN<br/>Wir bei KAISER+KRAFT sorgen dafür, dass unternehmerische Realität für Mitarbeiter und Führungskräfte unmittelbar sicht- und spürbar wird. Dies bedeutet, dass wir transparent und klar miteinander kommunizieren, direkt und geradlinig agieren und Führungskräfte und Mitarbeiter wissen, wie sie mit ihrer Leistung zum  Unternehmenserfolg beitragen.<br/>MIT SYSTEM HANDELN<br/>Wir bei KAISER+KRAFT arbeiten kontinuierlich daran, unser Handeln messbar, skalierbar und effizienter zu machen. Die Kombination aus Augenmaß und Konsequenz in der Umsetzung des KAISER+KRAFTGeschäftsmodells ermöglicht es uns, unsere Profitabilität und Wertschöpfung zum Wohle aller Interessengruppen aktiv zu steuern.<br/>PARTNERSCHAFT PRAKTIZIEREN<br/>Wir bei KAISER+KRAFT wollen alles dafür tun, dass unsere Kunden und Lieferanten uns als Partner für gemeinsamen Erfolg betrachten und hoch motiviert sind, mit uns eng zusammenzuarbeiten. Konstant sehr hohe  Kundenzufriedenheit, hervorragende Servicequalität und der gemeinsame Nutzen haben für uns höchste Priorität. Wir haben den Anspruch, besser als der Wettbewerb zu sein.<br/>KONTINUITÄT SICHERSTELLEN<br/>Wir bei KAISER+KRAFT stehen für Kontinuität und Verlässlichkeit gerade in Zeiten des Wandels. Unser Handeln ist immer mittel- und langfristig ausgerichtet. Wir setzen auf Wachstum mit Substanz, kontinuierliches Lernen und konsequente Anpassung an Veränderungen und neue Gegebenheiten.<br/>VERANTWORTUNG ÜBERNEHMEN<br/>Wir bei KAISER+KRAFT nehmen unsere gesellschaftliche Verantwortung aktiv wahr und setzen uns dafür ein, menschliche und ökologische Werte zu fordern und zu fördern. Wir achten darauf, individuelle und kulturelle Besonderheiten zu respektieren und betrachten Nachhaltigkeit als ein wichtiges Element im Wettbewerb.<br/>VERTRAUEN LEBEN<br/>Wir bei KAISER+KRAFT tun, was wir sagen. In diesem Sinne sind Verlässlichkeit und transparentes Verhalten der Maßstab unseres Handelns. Auch bei Konflikten unterstellen wir stets die gute Absicht, geben Rückhalt und suchen gemeinsam nach tragfähigen Lösungen. Vertrauen, respektvoller Umgang und die Begegnung auf Augenhöhe sind für uns selbstverständlich.",Salzburg,http://www.kaiserkraft.at,"Sterneckstraße 35, AT-5020 Salzburg",3/3/2015 0:00:00,3/3/2015 0:00:00,1.1.,http://www.lobbyreg.justiz.gv.at/edikte/ir/iredi18.nsf/alldoc/bb46d74fe23af79dc1257dfd004752cc!OpenDocument
233,"UPC Austria Services GmbH, Wien, (296333i)",UPC Austria Services GmbH,Telekommunikation,B,"Dr. Martin Heigl-Nettel LL.M. (TT.MM.1980), Mag. Mathias Brandauer LL.M. (TT.MM.1977),",,,2,Nein,,LIVR-00472,296333i,,,http://www.upc.at/ueber-upc/das-unternehmen/rechtliches/verhaltenskodex/,Wien,http://www.upc.at,"Wolfganggasse 58-60, AT-1120 Wien",5/28/2015 0:00:00,5/28/2015 0:00:00,01.01.,http://www.lobbyreg.justiz.gv.at/edikte/ir/iredi18.nsf/alldoc/72f54242948d7d7fc1257e530018f376!OpenDocument
21,"AUSTRIA GLAS RECYCLING GmbH, Wien, (114107f)",AUSTRIA GLAS RECYCLING GmbH,Genehmigtes Sammel- und Verwertungssystem für Haushalts- und Gewerbeverpackungen aus Glas,B,"Dr. Harald Hauke (TT.MM.1967),",,,1,Nein,,LIVR-00476,114107f,,,AGR Lobbying-Verhaltenskodex,Wien,http://www.agr.at/,"Obere Donaustr. 71, AT-1020 Wien",6/1/2015 0:00:00,6/1/2015 0:00:00,01.01.,http://www.lobbyreg.justiz.gv.at/edikte/ir/iredi18.nsf/alldoc/cba360be0952cbccc1257e570045f878!OpenDocument
130,"Medtronic Österreich GmbH, Wien, (038400x)",Medtronic Österreich GmbH,Handel mit Medizinprodukten,B,"Mag. Michael Eipeldauer (TT.MM.1976), DI Wolfgang Deutschmann MBA (TT.MM.1970),",,,2,Nein,,LIVR-00493,038400x,,,Verhaltenskodex der AUSTROMED (Interessensvertretung) sowie intern<br/>Code of Conduct &amp; Business Conduct Standards der Medtronic plc.,Wien,,"Handelskai 94- 96, 1200 Wien",10/5/2015 0:00:00,10/5/2015 0:00:00,01.05.,http://www.lobbyreg.justiz.gv.at/edikte/ir/iredi18.nsf/alldoc/34e62bdd83470be5c1257ed5004e7f37!OpenDocument
71,"Erste Group Immorent AG, Wien, (049140s)",Erste Group Immorent AG,"Erschließung von Grundstücken; Bauträger<br/>Institutionen für Finanzierungsleasing<br/>Leasing von Grundstücken, Gebäuden und Wohnungen",B,"Werner Ludescher (TT.MM.1957), Karl Brückner (TT.MM.1961), Markus Unger (TT.MM.1974), Reinhard Woharcik (TT.MM.1961),",,,4,Keine Angaben,,LIVR-00499,049140s,,,Verhaltenskodex der Erste Group Immorent AG,Wien,http://www.immorent.at,"Am Belvedere 1, A-1100 Wien",3/21/2016 0:00:00,11/3/2015 0:00:00,01.01.,http://www.lobbyreg.justiz.gv.at/edikte/ir/iredi18.nsf/alldoc/cd379a315265d856c1257ef200221d05!OpenDocument
138,"NOVOMATIC AG, 2352 Gumpoldskirchen, Wiener Strasse 158, (069548b)",NOVOMATIC AG,"Entwicklung, Produktion und Vertrieb von Gaming-Technologieprodukten sowie das Anbieten von Glücksspieldienstleistungen",B,"Mag. Stefan Krenn (TT.MM.1978),",,,1,Nein,,LIVR-00519,069548b,,,Verhaltenskodex Lobbying &amp; Public Affairs der WKÖ (Fachverband Werbung und Marktkommunikation),"2352 Gumpoldskirchen, Wiener Strasse 158",http://www.novomatic.com,"2352 Gumpoldskirchen, Wiener Strasse 158",12/15/2015 0:00:00,12/15/2015 0:00:00,01.01.,http://www.lobbyreg.justiz.gv.at/edikte/ir/iredi18.nsf/alldoc/bcb0584591d71b09c1257f1c0045fba9!OpenDocument
81,"General Electric Deutschland Holding GmbH, Frankfurt am Main",General Electric Deutschland Holding GmbH,"Regenerative und konventionelle Energiegewinnung, innovative Medizinlösungen, effiziente Flugzeug- und Transporttechnologien sowie Finanzierungen ",B,"Wolfgang Dierker  (TT.MM.1968),",,,1,Nein,0,LIVR-00541,,,,GE The Spirit and The Letter (abrufbar unter www.gesustainability.com),Frankfurt am Main,http://www.ge.com/de,"Bleichstraße 64-66, 60313 Frankfurt am Main",3/14/2016 0:00:00,3/14/2016 0:00:00,01.01.,http://www.lobbyreg.justiz.gv.at/edikte/ir/iredi18.nsf/alldoc/e18d15a4403e52e4c1257f76005345e7!OpenDocument
17,"Architekten- und Ingenieurkonsulentenkammer für Steiermark und Kärnten, Graz",Architekten- und Ingenieurkonsulentenkammer für Steiermark und Kärnten,,C,,,,6,,0,LIVR-00033,,,ZTKG,,Graz,http://www.ztkammer.at,"Schönaugasse 7, AT-8010 Graz",10/5/2015 0:00:00,3/11/2013 0:00:00,,http://www.lobbyreg.justiz.gv.at/edikte/ir/iredi18.nsf/alldoc/1efcc80131f6401dc1257b2b002d96aa!OpenDocument
169,"ÖSTERREICHISCHER RECHTSANWALTSKAMMERTAG, Wollzeile 1-3, AT-1010 Wien",ÖSTERREICHISCHER RECHTSANWALTSKAMMERTAG,,C,,,,0,,0,LIVR-00039,,"Rechtsanwaltskammer Burgenland<br/>Sitz/Anschrift: Marktstraße 3, 7000 Eisenstadt<br/>Gesetzliche Grundlage: Rechtsanwaltsordnung<br/>Homepage: -<br/>Anzahl Interessenvertreter: 0<br/>Kosten der Interessenvertretung: 0,00<br/>.<br/>Rechtsanwaltskammer für Kärnten<br/>Sitz/Anschrift: Theatergasse 4/I, 9020 Klagenfurt<br/>Gesetzliche Grundlage: Rechtsanwaltsordnung<br/>Homepage: http://www.rechtsanwaelte-kaernten.at<br/>Anzahl Interessenvertreter: 0<br/>Kosten der Interessenvertretung: 0,00<br/>.<br/>Rechtsanwaltskammer Niederösterreich<br/>Sitz/Anschrift: Andreas-Hofer-Straße 6, 3100 St. Pölten<br/>Gesetzliche Grundlage: Rechtsanwaltsordnung<br/>Homepage: http://www.raknoe.at<br/>Anzahl Interessenvertreter: 0<br/>Kosten der Interessenvertretung: 0,00<br/>.<br/>Oberösterreichische Rechtsanwaltskammer<br/>Sitz/Anschrift: Gruberstraße 21, 4020 Linz<br/>Gesetzliche Grundlage: Rechtsanwaltsordnung<br/>Homepage: http://www.ooerak.at/<br/>Anzahl Interessenvertreter: 0<br/>Kosten der Interessenvertretung: 0,00<br/>.<br/>Salzburger Rechtsanwaltskammer<br/>Sitz/Anschrift: Imbergstraße 31C, 5020 Salzburg<br/>Gesetzliche Grundlage: Rechtsanwaltsordnung<br/>Homepage: http://www.srak.at<br/>Anzahl Interessenvertreter: 0<br/>Kosten der Interessenvertretung: 0,00<br/>.<br/>Steiermärkische Rechtsanwaltskammer<br/>Sitz/Anschrift: Salzamtsgasse 3/IV, 8010 Graz<br/>Gesetzliche Grundlage: Rechtsanwaltsordnung<br/>Homepage: http://www.rakstmk.at<br/>Anzahl Interessenvertreter: 0<br/>Kosten der Interessenvertretung: 0,00<br/>.<br/>Tiroler Rechtsanwaltskammer<br/>Sitz/Anschrift: Meraner Straße 3/III, 6020 Innsbruck<br/>Gesetzliche Grundlage: Rechtsanwaltsordnung<br/>Homepage: http://www.tiroler-rak.at<br/>Anzahl Interessenvertreter: 0<br/>Kosten der Interessenvertretung: 0,00<br/>.<br/>Vorarlberger Rechtsanwaltskammer<br/>Sitz/Anschrift: Marktplatz 11, 6800 Feldkirch<br/>Gesetzliche Grundlage: Rechtsanwaltsordnung<br/>Homepage: www.rechtsanwaelte-vorarlberg.at<br/>Anzahl Interessenvertreter: 0<br/>Kosten der Interessenvertretung: 0,00<br/>.<br/>Rechtsanwaltskammer Wien<br/>Sitz/Anschrift: Ertlgasse 2/Ecke Rotenturmstraße, 1010 Wien<br/>Gesetzliche Grundlage: Rechtsanwaltsordnung<br/>Homepage: http://www.rakwien.at<br/>Anzahl Interessenvertreter: 0<br/>Kosten der Interessenvertretung: 0,00",Rechtsanwaltsordnung,,"Wollzeile 1-3, AT-1010 Wien",http://www.rechtsanwaelte.at,"Wollzeile 1-3, AT-1010 Wien",7/14/2015 0:00:00,3/19/2013 0:00:00,,http://www.lobbyreg.justiz.gv.at/edikte/ir/iredi18.nsf/alldoc/8ba50be5cd1bdfa2c1257b33002e460b!OpenDocument
182,"Personalvertretung der Vorarlberger Landesbediensteten (PV), Bregenz",Personalvertretung der Vorarlberger Landesbediensteten (PV),,C,,,,31,,0,LIVR-00040,,Die Personalvertretung (PV) ist eigene Körperschaft öffentlichen Rechts mit dem Recht auf Selbstverwaltung. Ihre Kosten werden der PV vom Dienstgeber Land Vorarlberg erstattet.,Landes-Personalvertretungsgesetz (Landesgesetz),,Bregenz,,"PV-Büro, Landhaus, Römerstr. 15, 6900 Bregenz",6/23/2015 0:00:00,3/19/2013 0:00:00,,http://www.lobbyreg.justiz.gv.at/edikte/ir/iredi18.nsf/alldoc/11fbd7a760a61412c1257b33002e4d52!OpenDocument
45,"Bundes-Architekten- und Ingenieurkonsulentenkammer, Karlsgasse 9/2, 1040 Wien",Bundes-Architekten- und Ingenieurkonsulentenkammer,,C,,,,0,,0,LIVR-00050,,,§ 1 Abs 1 Z 2 ZTKG,,"Karlsgasse 9/2, 1040 Wien",,"Karlsg 9, AT-1040 Wien",11/16/2015 0:00:00,3/25/2013 0:00:00,,http://www.lobbyreg.justiz.gv.at/edikte/ir/iredi18.nsf/alldoc/311152aabce5c042c1257b3900541374!OpenDocument
140,"OEST PATENTANWALTSKAMMER, Wien",OEST PATENTANWALTSKAMMER,,C,,,,2,,0,LIVR-00051,,,Patentanwaltsgesetz,,Wien,http://www.oepak.at,"Linke Wienzeile 4/1/Top 9, AT-1060 Wien",9/23/2015 0:00:00,3/25/2013 0:00:00,,http://www.lobbyreg.justiz.gv.at/edikte/ir/iredi18.nsf/alldoc/82feffa0b7c98338c1257b3900541ef6!OpenDocument
19,"Architekten- und Ingenieurkonsulentenkammmer für Wien, NÖ und Burgenland, Wien","Architekten- und Ingenieurkonsulentenkammmer für Wien, NÖ und Burgenland",,C,,,,3,,0,LIVR-00052,,,ZTKG,,Wien,http://www.wien.arching.at,"Karlsg 9, AT-1040 Wien",7/14/2015 0:00:00,3/25/2013 0:00:00,,http://www.lobbyreg.justiz.gv.at/edikte/ir/iredi18.nsf/alldoc/8b9d37ae4e9a07afc1257b390054268d!OpenDocument
262,"Wirtschaftskammer Österreich (gem § 8 Abs 1 WKG), Wien",Wirtschaftskammer Österreich (gem § 8 Abs 1 WKG),,C,,,,1519,,31627360,LIVR-00106,,"Gemäß § 12 Abs 3 und 4 LobbyG gibt die für sich selbst und für sämtliche Organisationen der gewerblichen Wirtschaft (§ 3 Abs 1 WKG) einschreitende Wirtschaftskammer Österreich in das Register Abteilung C zur Eintragung den elektronischen Link https://www.wko.at/Content.Node/wir/oe/LobbyG.html bekannt. Dieser führt zu einer Website, auf der die von § 12 Abs 1 LobbyG geforderten Daten veröffentlicht sind.","Wirtschaftskammergesetz 1998 – WKG, BGBl I Nr 103/1998 idF BGBl I Nr 3/2012",,Wien,http://wko.at/,"Wiedner Hauptstrasse 63, 1045 Wien",12/17/2013 0:00:00,3/29/2013 0:00:00,,http://www.lobbyreg.justiz.gv.at/edikte/ir/iredi18.nsf/alldoc/8eeba7838f81154fc1257b3d00418033!OpenDocument
16,"Architekten- und Ingenieurkonsulentenkammer für Oberösterreich und Salzburg, Linz",Architekten- und Ingenieurkonsulentenkammer für Oberösterreich und Salzburg,,C,,,,3,,0,LIVR-00107,,,ZTKG,,Linz,http://www.arching-zt.at,"Kaarstr. 2, AT-4040 Linz",10/5/2015 0:00:00,3/29/2013 0:00:00,,http://www.lobbyreg.justiz.gv.at/edikte/ir/iredi18.nsf/alldoc/75bc40edc53b7870c1257b3d00418560!OpenDocument
116,"Kammer f Arbeiter u Angestellte Wien, 1040 Wien",Kammer f Arbeiter u Angestellte Wien,,C,,,,67,,5266733,LIVR-00108,,"Laut Beschluss des Vorstands der Bundesarbeitskammer (BAK) erfolgt die Meldung gem. § 12 Abs 1 LobbyG für die BAK und die neun Länderkammern durch die BAK gem. § 12 Abs 4 LobbyG:<br/>Bundesarbeitskammer, 1040 Wien, Prinz-Eugen-Straße 20-22;<br/>Kammer für Arbeiter und Angestellte für Burgenland, 7000 Eisenstadt, Wiener Straße 7;<br/>Kammer für Arbeiter und Angestellte für Kärnten, 9021 Klagenfurt, Bahnhofplatz 3;<br/>Kammer für Arbeiter und Angestellte für Niederösterreich, 1060 Wien, Windmühlgasse 28;<br/>Kammer für Arbeiter und Angestellte für Oberösterreich, 4020 Linz, Volksgartenstraße 40;<br/>Kammer für Arbeiter und Angestellte für Salzburg, 5020 Salzburg, Markus-Sittikus-Straße 10;<br/>Kammer für Arbeiter und Angestellte für Steiermark, 8020 Graz, Hans-Resel-Gasse 8-14;<br/>Kammer für Arbeiter und Angestellte für Tirol, 6010 Innsbruck, Maximilianstraße 7;<br/>Kammer für Arbeiter und Angestellte für Vorarlberg, 6800 Feldkrich, Widnau 2-4;<br/>Kammer für Arbeiter und Angestellte für Wien, 1040 Wien, Prinz-Eugen-Straße 20-22.",Arbeiterkammergesetzt,,1040 Wien,http://www.arbeiterkammer.at,"Prinz Eugenstr 20, AT-1040 Wien",7/28/2015 0:00:00,3/29/2013 0:00:00,,http://www.lobbyreg.justiz.gv.at/edikte/ir/iredi18.nsf/alldoc/d398d54fd2b2d4c3c1257b3d00418e9c!OpenDocument
115,"Kammer der Wirtschaftstreuhänder, Wien",Kammer der Wirtschaftstreuhänder,,C,,,,1,,77422,LIVR-00153,,,Wirtschaftstreuhandberufsgesetz,,Wien,,"Schönbrunners 222/1/6/2, AT-1120 Wien",3/7/2016 0:00:00,4/5/2013 0:00:00,,http://www.lobbyreg.justiz.gv.at/edikte/ir/iredi18.nsf/alldoc/d6bbb572c88d99adc1257b440026fab3!OpenDocument
185,"PRAESIDENTENKONFERENZ DER LANDWIRTSCHAFTSKAMMERN ÖSTERREICHS (LK ÖSTERREICH), Wien",PRAESIDENTENKONFERENZ DER LANDWIRTSCHAFTSKAMMERN ÖSTERREICHS (LK ÖSTERREICH),,C,,,,25,,932376,LIVR-00154,,"Gemäß § 12 Abs 1 iVm. § 12 Abs 4 LobbyG erfolgt die Meldung auch für die neun Landwirtschaftskammern:<br/>Landwirtschaftskammer Burgenland<br/>7001 Eisenstadt, Esterhazystraße 15<br/>Landwirtschaftskammer Kärnten<br/>9020 Klagenfurt, Museumgasse 5<br/>Landwirtschaftskammer Niederösterreich<br/>3100 St. Pölten, Wiener Straße 64<br/>Landwirtschaftskammer Oberösterreich<br/>4020 Linz, Auf der Gugl 3<br/>Landwirtschaftskammer Salzburg<br/>5024 Salzburg, Schwarzstraße 19<br/>Landwirtschaftkammer Steiermark<br/>8011 Graz, Hamerlinggasse 3<br/>Landwirtschaftskammer Tirol<br/>6020 Innsbruck, Brixner Straße 1<br/>Landwirtschaftskammer Vorarlberg<br/>6901 Bregenz, Montfortstraße 9-11<br/>Landwirtschaftskammer Wien<br/>1060 Wien, Gumpendorfer Straße 15",Verein gem. VereinsG - ZVR-Zahl 729518421,,Wien,http://www.lk-oe.at/?+Bekanntgaben+nach+dem+LobbyG+&amp;id=2500%2C%2C1783655%2C ,"Schauflergasse 6, AT-1014 Wien",5/6/2013 0:00:00,4/5/2013 0:00:00,,http://www.lobbyreg.justiz.gv.at/edikte/ir/iredi18.nsf/alldoc/0a0ca05d036ecc5bc1257b44002701e2!OpenDocument
18,"Architekten- und Ingenieurkonsulentenkammer für Tirol und Vorarlberg, Innsbruck",Architekten- und Ingenieurkonsulentenkammer für Tirol und Vorarlberg,,C,,,,3,,0,LIVR-00155,,,Ziviltechnikerkammergesetz,,Innsbruck,http://www.kammerwest.at,"Hofburg Rennweg 1, AT-6020 Innsbruck",10/5/2015 0:00:00,4/5/2013 0:00:00,,http://www.lobbyreg.justiz.gv.at/edikte/ir/iredi18.nsf/alldoc/4b95804caffcbd9ec1257b44002712fa!OpenDocument
146,"Österreichische Apothekerkammer, Wien",Österreichische Apothekerkammer,,C,,,,3,,63600,LIVR-00156,,,Apothekerkammergesetz,,Wien,http://www.apotheker.or.at,"Spitalgasse 31, 1090 Wien",9/30/2015 0:00:00,4/5/2013 0:00:00,,http://www.lobbyreg.justiz.gv.at/edikte/ir/iredi18.nsf/alldoc/6d419af204ceb76ac1257b44002732eb!OpenDocument
152,"Österreichische Landarbeiterkammern, Wien",Österreichische Landarbeiterkammern,,C,,,,0,,,LIVR-00157,,"Landarbeiterkammer für Kärnten<br/>Bahnhofstraße 44, 9020 Klagenfurt<br/>Landarbeiterkammergesetz für Kärnten<br/>http://www.landarbeiterkammer.at/kaernten<br/>Niederösterreichische Landarbeiterkammer<br/>1015 Wien, Marco d'Avianogasse 1<br/>Landarbeiterkammergesetz für Niederösterreich<br/>http://www.landarbeiterkammer.at/ooe<br/>Oberösterreichische Landarbeiterkammer<br/>Postfach 178, 4010 Linz<br/>Landarbeiterkammergesetz für Oberösterreich<br/>http://www.landarbeiterkammer.at/ooe<br/>Landarbeiterkammer für Salzburg<br/>Schranneng. 2/Stg. 3/1, 5027  Salzburg<br/>Salzburger Landarbeiterkammergesetz<br/>http://www.landarbeiterkammer.at/salzburg<br/>Steiermärkische Landarbeiterkammer<br/>Raubergasse 20, 8010 Graz<br/>Steiermärkisches Landarbeiterkammergesetz<br/>http://www.landarbeiterkammer.at/steiermark<br/>Landarbeiterkammer Tirol<br/>Brixner Straße 1, 6021 Innsbruck<br/>Tiroler Landwirtschaftskammer- und Landarbeiterkammergesetz<br/>http://www.landarbeiterkammer.at/tirol<br/>Sektion Dienstnehmer der Landwirtschaftskammer Vorarlberg<br/>Montfortstraße 9-11, 6901  Bregenz<br/>Landwirtschaftskammergesetz für Vorarlberg<br/>http://www.landarbeiterkammer.at/vorarlberg",Landarbeiterkammergesetz des jeweiligen Bundeslandes,,Wien,http://www.landarbeiterkammer.at,"Marco d´Avianogasse 1, AT-1015 Wien",5/27/2013 0:00:00,4/5/2013 0:00:00,,http://www.lobbyreg.justiz.gv.at/edikte/ir/iredi18.nsf/alldoc/f02dfe9ff6e0a68fc1257b4400274159!OpenDocument
154,"Österreichische Notariatskammer, Landesgerichtsstraße 20, A-1010 Wien",Österreichische Notariatskammer,,C,,,,0,,0,LIVR-00229,,"Notariatskammer für Wien, Niederösterreich und Burgenland<br/>Sitz: Landesgerichtsstraße 20, A-1010 Wien<br/>Anschrift: Landesgerichtsstraße 20, A-1010 Wien<br/>gesetzliche Grundlage: § 128 NO<br/>Homepage: www.notar.at<br/>Anzahl Interessenvertreter: 0<br/>Kosten der Interessenvertretung: 0,00<br/>Notariatskammer für Oberösterreich <br/>Sitz: Schmiedegasse 20/5, A-4040 Linz-Urfahr<br/>Anschrift: Schmiedegasse 20/5, A-4040 Linz-Urfahr<br/>gesetzliche Grundlage: § 128 NO<br/>Anzahl Interessenvertreter: 0<br/>Kosten der Interessenvertretung: 0,00<br/>Notariatskammer für Steiermark<br/>Sitz: Wielandgasse 36/III, A-8010 Graz<br/>Anschrift: Wielandgasse 36/III, A-8010 Graz<br/>gesetzliche Grundlage: § 128 NO<br/>Anzahl Interessenvertreter: 0<br/>Kosten der Interessenvertretung: 0,00<br/>Notariatskammer für Tirol und Vorarlberg<br/>Sitz: Maximilianstraße 3, A-6020 Innsbruck<br/>Anschrift: Maximilianstraße 3, A-6020 Innsbruck<br/>gesetzliche Grundlage: § 128 NO<br/>Anzahl Interessenvertreter: 0<br/>Kosten der Interessenvertretung: 0,00<br/>Notariatskammer für Kärnten<br/>Sitz: Alter Platz 23/2, A-9020 Klagenfurt am Wörthersee<br/>Anschrift: Alter Platz 23/2, A-9020 Klagenfurt am Wörthersee<br/>gesetzliche Grundlage: § 128 NO<br/>Anzahl Interessenvertreter: 0<br/>Kosten der Interessenvertretung: 0,00<br/>Notariatskammer für Salzburg<br/>Sitz: Ignaz-Harrer-Straße 7, A-5020 Salzburg<br/>Anschrift: Ignaz-Harrer-Straße 7, A-5020 Salzburg<br/>gesetzliche Grundlage: § 128 NO<br/>Homepage: www.notariatskammer.at<br/>Anzahl Interessenvertreter: 0<br/>Kosten der Interessenvertretung: 0,00<br/>Notariatskolllegium Wien, Niederösterreich und Burgenland<br/>Sitz: Landesgerichtsstraße 20, A-1010 Wien<br/>Anschrift: Landesgerichtsstraße 20, A-1010 Wien<br/>gesetzliche Grundlage: § 124 NO<br/>Anzahl Interessenvertreter: 0<br/>Kosten der Interessenvertretung: 0,00<br/>Notariatskollegium Oberösterreich <br/>Sitz: Schmiedegasse 20/5, A-4040 Linz-Urfahr<br/>Anschrift: Schmiedegasse 20/5, A-4040 Linz-Urfahr<br/>gesetzliche Grundlage: § 124 NO<br/>Anzahl Interessenvertreter: 0<br/>Kosten der Interessenvertretung: 0,00<br/>Notariatskollegium Steiermark<br/>Sitz: Wielandgasse 36/III, A-8010 Graz<br/>Anschrift: Wielandgasse 36/III, A-8010 Graz<br/>gesetzliche Grundlage: § 124 NO<br/>Anzahl Interessenvertreter: 0<br/>Kosten der Interessenvertretung: 0,00<br/>Notariatskollegium Tirol und Vorarlberg<br/>Sitz: Maximilianstraße 3, A-6020 Innsbruck<br/>Anschrift: Maximilianstraße 3, A-6020 Innsbruck<br/>gesetzliche Grundlage: § 124 NO<br/>Anzahl Interessenvertreter: 0<br/>Kosten der Interessenvertretung: 0,00<br/>Notariatskollegium Kärnten<br/>Sitz: Alter Platz 23/2, A-9020 Klagenfurt am Wörthersee<br/>Anschrift: Alter Platz 23/2, A-9020 Klagenfurt am Wörthersee<br/>gesetzliche Grundlage: § 124 NO<br/>Anzahl Interessenvertreter: 0<br/>Kosten der Interessenvertretung: 0,00<br/>Notariatskollegium Salzburg<br/>Sitz: Ignaz-Harrer-Straße 7, A-5020 Salzburg<br/>Anschrift: Ignaz-Harrer-Straße 7, A-5020 Salzburg<br/>gesetzliche Grundlage: § 124 NO<br/>Anzahl Interessenvertreter: 0<br/>Kosten der Interessenvertretung: 0,00<br/>Notarengruppe des Notariatskolllegiums Wien, Niederösterreich und Burgenland<br/>Sitz: Landesgerichtsstraße 20, A-1010 Wien<br/>Anschrift: Landesgerichtsstraße 20, A-1010 Wien<br/>gesetzliche Grundlage: § 124 NO<br/>Anzahl Interessenvertreter: 0<br/>Kosten der Interessenvertretung: 0,00<br/>Notarengruppe des Notariatskollegiums Oberösterreich <br/>Sitz: Schmiedegasse 20/5, A-4040 Linz-Urfahr<br/>Anschrift: Schmiedegasse 20/5, A-4040 Linz-Urfahr<br/>gesetzliche Grundlage: § 124 NO<br/>Anzahl Interessenvertreter: 0<br/>Kosten der Interessenvertretung: 0,00<br/>Notarengruppe des Notariatskollegiums Steiermark<br/>Sitz: Wielandgasse 36/III, A-8010 Graz<br/>Anschrift: Wielandgasse 36/III, A-8010 Graz<br/>gesetzliche Grundlage: § 124 NO<br/>Anzahl Interessenvertreter: 0<br/>Kosten der Interessenvertretung: 0,00<br/>Notarengruppe des Notariatskollegiums Tirol und Vorarlberg<br/>Sitz: Maximilianstraße 3, A-6020 Innsbruck<br/>Anschrift: Maximilianstraße 3, A-6020 Innsbruck<br/>gesetzliche Grundlage: § 124 NO<br/>Anzahl Interessenvertreter: 0<br/>Kosten der Interessenvertretung: 0,00<br/>Notarengruppe des Notariatskollegiums Kärnten<br/>Sitz: Alter Platz 23/2, A-9020 Klagenfurt am Wörthersee<br/>Anschrift: Alter Platz 23/2, A-9020 Klagenfurt am Wörthersee<br/>gesetzliche Grundlage: § 124 NO<br/>Anzahl Interessenvertreter: 0<br/>Kosten der Interessenvertretung: 0,00<br/>Notarengruppe des Notariatskollegiums Salzburg<br/>Sitz: Ignaz-Harrer-Straße 7, A-5020 Salzburg<br/>Anschrift: Ignaz-Harrer-Straße 7, A-5020 Salzburg<br/>gesetzliche Grundlage: § 124 NO<br/>Anzahl Interessenvertreter: 0<br/>Kosten der Interessenvertretung: 0,00<br/>Notariatskandidatengruppe des Notariatskolllegiums Wien, Niederösterreich und Burgenland<br/>Sitz: Landesgerichtsstraße 20, A-1010 Wien<br/>Anschrift: Landesgerichtsstraße 20, A-1010 Wien<br/>gesetzliche Grundlage: § 124 NO<br/>Anzahl Interessenvertreter: 0<br/>Kosten der Interessenvertretung: 0,00<br/>Notariatskandidatengruppe des Notariatskollegiums Oberösterreich <br/>Sitz: Schmiedegasse 20/5, A-4040 Linz-Urfahr<br/>Anschrift: Schmiedegasse 20/5, A-4040 Linz-Urfahr<br/>gesetzliche Grundlage: § 124 NO<br/>Anzahl Interessenvertreter: 0<br/>Kosten der Interessenvertretung: 0,00<br/>Notariatskandidatengruppe des Notariatskollegiums Steiermark<br/>Sitz: Wielandgasse 36/III, A-8010 Graz<br/>Anschrift: Wielandgasse 36/III, A-8010 Graz<br/>gesetzliche Grundlage: § 124 NO<br/>Anzahl Interessenvertreter: 0<br/>Kosten der Interessenvertretung: 0,00<br/>Notariatskandidatengruppe des Notariatskollegiums Tirol und Vorarlberg<br/>Sitz: Maximilianstraße 3, A-6020 Innsbruck<br/>Anschrift: Maximilianstraße 3, A-6020 Innsbruck<br/>gesetzliche Grundlage: § 124 NO<br/>Anzahl Interessenvertreter: 0<br/>Kosten der Interessenvertretung: 0,00<br/>Notariatskandidatengruppe des Notariatskollegiums Kärnten<br/>Sitz: Alter Platz 23/2, A-9020 Klagenfurt am Wörthersee<br/>Anschrift: Alter Platz 23/2, A-9020 Klagenfurt am Wörthersee<br/>gesetzliche Grundlage: § 124 NO<br/>Anzahl Interessenvertreter: 0<br/>Kosten der Interessenvertretung: 0,00<br/>Notariatskandidatengruppe des Notariatskollegiums Salzburg<br/>Sitz: Ignaz-Harrer-Straße 7, A-5020 Salzburg<br/>Anschrift: Ignaz-Harrer-Straße 7, A-5020 Salzburg<br/>gesetzliche Grundlage: § 124 NO<br/>Anzahl Interessenvertreter: 0<br/>Kosten der Interessenvertretung: 0,00",§ 140 NO,,"Landesgerichtsstraße 20, A-1010 Wien",http://www.notar.at,"Landesgerichtsstraße 20, A-1010 Wien",9/30/2015 0:00:00,4/11/2013 0:00:00,,http://www.lobbyreg.justiz.gv.at/edikte/ir/iredi18.nsf/alldoc/f24b18b114fcd62cc1257b4a0041a12c!OpenDocument
158,"ÖSTERREICHISCHE TIERÄRZTEKAMMER, Hietzinger Kai 87, AT-1130 Wien",ÖSTERREICHISCHE TIERÄRZTEKAMMER,,C,,,,1,,0,LIVR-00230,,,TÄKamG,,"Hietzinger Kai 87, AT-1130 Wien",http://www.tieraerztekammer.at,"Hietzinger Kai 87, AT-1130 Wien",11/16/2015 0:00:00,4/11/2013 0:00:00,,http://www.lobbyreg.justiz.gv.at/edikte/ir/iredi18.nsf/alldoc/1fbb15e95fa3eb4cc1257b4a0041a479!OpenDocument
147,"ÖSTERREICHISCHE ÄRZTEKAMMER, Weihburggasse 10-12, AT-1010 Wien",ÖSTERREICHISCHE ÄRZTEKAMMER,,C,,,,38,,1462369,LIVR-00313,,"Ärztekammer für Burgenland <br/>Permayerstraße 3, 7000 Eisenstadt<br/>§§ 65 ff ÄrzteG<br/>www.aekbgld.at <br/>-<br/>Ärztekammer für Kärnten<br/>St. Veiter Straße 34/II, 9020 Klagenfurt<br/>§§ 65 ff ÄrzteG<br/>www.aekktn.at<br/>-<br/>Ärztekammer für Niederösterreich<br/>Wipplingerstraße 2, 1010 Wien<br/>§§ 65ff ÄrzteG<br/>www.arztnoe.at<br/>-<br/>Ärztekammer für Oberösterreich <br/>Dinghoferstraße 4, 4010 Linz <br/>§§ 65 ff ÄrzteG <br/>www.aekooe.at <br/>-<br/>Ärztekammer für Salzburg <br/>Faberstraße 10, 5020 Salzburg <br/>§§ 65ff ÄrzteG<br/>www.gesundinsalzburg.at<br/>-<br/>Ärztekammer für Steiermark<br/>Kaiserfeldgasse 29, 8010 Graz<br/>§§ 65 ff ÄrzteG<br/>www.aekstmk.or.at<br/>-<br/>Ärztekammer für Tirol <br/>Anichstraße 7, 6020 Innsbruck<br/>§§ 65 ff ÄrzteG<br/>www.aektirol.at<br/>-<br/>Ärztekammer für Vorarlberg<br/>Schulgasse 17, 6850 Dornbirn<br/>§§ 65 ff ÄrzteG<br/>www.arztinvorarlberg.at<br/>-<br/>Ärztekammer für Wien <br/>Weihburggasse 10-12, 1010 Wien <br/>§§ 65 ff ÄrzteG<br/>www.aekwien.at ",§§ 117 ff ÄrzteG,,"Weihburggasse 10-12, AT-1010 Wien",http://www.aerztekammer.at,"Weihburggasse 10-12, AT-1010 Wien",10/5/2015 0:00:00,8/19/2013 0:00:00,,http://www.lobbyreg.justiz.gv.at/edikte/ir/iredi18.nsf/alldoc/2be8e0f7468c75e1c1257bcc00309223!OpenDocument
160,"Österreichische Zahnärztekammer, Wien",Österreichische Zahnärztekammer,,C,,,,2,,485,LIVR-00336,,,Zahnärztekammergesetz,,Wien,http://www.zahnaerztekammer.at,"Kohlmarkt 11/6, AT-1010 Wien",2/9/2015 0:00:00,11/25/2013 0:00:00,,http://www.lobbyreg.justiz.gv.at/edikte/ir/iredi18.nsf/alldoc/f78c121945d09a57c1257c2e0054c6e0!OpenDocument
128,"Literar-Mechana Wahrnehmungsgesellschaft für Urheberrechte Gesellschaft m.b.H. (seit 12.03.2013 kein Interessenvertreter beschäftigt), Österreich",Literar-Mechana Wahrnehmungsgesellschaft für Urheberrechte Gesellschaft m.b.H. (seit 12.03.2013 kein Interessenvertreter beschäftigt),"Die Literar-Mechana Wahrnehmungsgesellschaft für Urheberrechte Gesellschaft m.b.H. hat eine Betriebsgenehmigung der Aufsichtsbehörde für Verwertungsgesellschaften, um die Rechte an Sprachwerken kollektiv wahrzunehmen.<br/>Sie hebt als Treuhänder der Rechteinhaber Entgelte und Vergütungsansprüche für Nutzungen urheberrechtlich geschützter Werke ein und leitet sie an über 16.000 inländische Bezugsberechtigte wie Schriftsteller, Drehbuchautoren, Journalisten, wissenschaftliche Autoren und Übersetzer sowie deren Rechtsnachfolger und Verleger weiter.<br/>Die Literar-Mechana schließt dazu aufgrund der ihr eingeräumten Rechte Gesamtverträge mit Nutzerorganisationen und Einzelverträge mit Werknutzern, sie verwaltet soziale und kulturelle Einrichtungen und setzt sich für ein modernes Urheberrechtsgesetz ein.",D,,,,0,,,LIVR-00046,,,,,Österreich,http://www.literar.at,"Linke Wienzeile 18, AT-1060 Wien",12/23/2014 0:00:00,3/25/2013 0:00:00,,http://www.lobbyreg.justiz.gv.at/edikte/ir/iredi18.nsf/alldoc/01ad27194fbc28bfc1257b390046b552!OpenDocument
164,"Österreichischer Genossenschaftsverband (Schulze-Delitzsch) derzeit wird kein Interessensvertreter beschäftigt, Wien",Österreichischer Genossenschaftsverband (Schulze-Delitzsch) derzeit wird kein Interessensvertreter beschäftigt,"Wahrung und Förderung gemeinsamer Interessen der österreichischen Volksbanken (Mitglieder), insbesondere die Regelung der Arbeitsbedingungen der Arbeitnehmer der Mitgliedsbanken durch Verhandlung von Kollektivverträgen, sowie die Vertretung der Mitglieder",D,,,,0,,,LIVR-00295,,,,,Wien,http://www.diegenossenschaft.info,"Löwelstraße 14, AT-1013 Wien",2/23/2015 0:00:00,7/2/2013 0:00:00,,http://www.lobbyreg.justiz.gv.at/edikte/ir/iredi18.nsf/alldoc/df6146f2567fcea7c1257b9c00276e08!OpenDocument
165,"Österreichischer Gewerbeverein, Wien",Österreichischer Gewerbeverein,"Interessensvertretung für Industrie, Gewerbe, Handel und freie Berufe",D,,,,0,,,LIVR-00346,,,,,Wien,http://www.gewerbeverein.at/de/lobbyreg/lobbying-_und_interessenvertretungsregister,"Eschenbachgasse 11, 1010 Wien",1/8/2014 0:00:00,1/8/2014 0:00:00,,http://www.lobbyreg.justiz.gv.at/edikte/ir/iredi18.nsf/alldoc/313c2d491ef2301ac1257c5a00591973!OpenDocument
234,"VCÖ - Mobilität mit Zukunft, Wien",VCÖ - Mobilität mit Zukunft,"•	Der VCÖ setzt sich für Ressourcenschonung ein. Dies bedeutet die Förderung und die Sicherstellung des Schutzes der Umwelt auch im weltweiten Kontext und im Interesse zukünftiger Generationen durch sparsame und effiziente Verwendung von Energie, Raum und Rohstoffen.<br/>•	Der VCÖ setzt sich für Natur- und Artenschutz ein. Schädliche und trennende Auswirkungen des Verkehrs beispielsweise durch Lärm, Schadstoffe, Erschütterungen oder Flächenversiegelung sollen mit dem Ziel einer intakten Natur vermieden werden.<br/>•	Der VCÖ setzt sich für die physische und psychische Gesundheit der Menschen und für Verkehrssicherheit ein durch die Förderung und Koordinierung von Maßnahmen, die dem Schutz der Menschen vor Belastungen durch Lärm, Schadstoffe und Erschütterungen durch den Verkehr dienen sowie die Vermeidung von Unfällen zum Ziel haben.<br/>•	Der VCÖ setzt sich dafür ein, dass Menschen unabhängig von Alter, Geschlecht, Herkunft und sozialer Stellung mobil sind, indem sie ihre Wege zeitsparend, kostengünstig und sicher zurück legen können. Ziel ist ein Verkehrswesen, das auch die Interessen zukünftiger Generationen berücksichtigt und daher jene Mobilitätsformen fördert, die mit den gegebenen Ressourcen auch im weltweiten Kontext auf Dauer sorgsam umgehen. <br/>•	Der VCÖ setzt sich für ökonomisch effizienten Verkehr ein. Dies bedeutet die Förderung von Transparenz in der Kosten- und Finanzierungsstruktur des Verkehrssystems, indem durch konsequente Anwendung des Verursacherprinzips und unter Berücksichtigung auch der Folgekosten für Umwelt, andere Menschen, andere Regionen und zukünftige Generationen die Lebensqualität der Menschen gesteigert wird.",D,,,,0,,,LIVR-00366,,,,,Wien,http://www.vcoe.at,"Bräuhausgasse 7-9, AT-1050 Wien",11/23/2015 0:00:00,2/17/2014 0:00:00,,http://www.lobbyreg.justiz.gv.at/edikte/ir/iredi18.nsf/alldoc/c7b5fa3e0676c531c1257c82003645bf!OpenDocument
239,"Verband österreichischer Banken und Bankiers, Wien",Verband österreichischer Banken und Bankiers,Zweck und Aufgabe des Verbandes ist die Wahrung und Förderung gemeinsamer Berufsinteressen seiner Mitglieder.,D,,,,0,,,LIVR-00231,,,,,Wien,http://www.bankenverband.at,"Börsegasse 11, AT-1010 Wien",3/7/2016 0:00:00,4/15/2013 0:00:00,,http://www.lobbyreg.justiz.gv.at/edikte/ir/iredi18.nsf/alldoc/73017270db2b3befc1257b4e00264bd6!OpenDocument
14,"Arbeitsgemeinschaft Zweirad, Gablitz",Arbeitsgemeinschaft Zweirad,"Der Verein, dessen Tätigkeit nicht auf Gewinn ausgerichtet ist, bezweckt die Information der Öffentlichkeit über alle das Zweirad betreffende Fragen, insbesondere die Sicherheit durch verbesserte Ausbildung, Ausrüstung und vernünftige Nutzung des Zweirades unter Ausschaltung von Risiken.",D,,,,1,,,LIVR-00197,,,,,Gablitz,,"Paul Troger Gasse 30, AT-3003 Gablitz",11/9/2015 0:00:00,4/8/2013 0:00:00,,http://www.lobbyreg.justiz.gv.at/edikte/ir/iredi18.nsf/alldoc/a96481e193e0d3ecc1257b470053a703!OpenDocument
84,"Globale Verantwortung - Arbeitsgemeinschaft für Entwicklung und Humanitäre Hilfe, Wien",Globale Verantwortung - Arbeitsgemeinschaft für Entwicklung und Humanitäre Hilfe,"Die Dachorganisation GLOBALE VERANTWORTUNG - Arbeitsgemeinschaft für Entwicklung und Humanitäre Hilfe vertritt national und international die Interessen von österreichischen Nichtregierungsorganisationen, die in den Bereichen Entwicklungszusammenarbeit, entwicklungspolitische Inlandsarbeit, Humanitäre Hilfe sowie nachhaltige globale wirtschaftliche, soziale und ökologische Entwicklung tätig sind. ",D,,,,1,,,LIVR-00322,,,,,Wien,http://www.globaleverantwortung.at,"Apollogasse 4/9, AT-1070 Wien",9/30/2013 0:00:00,9/30/2013 0:00:00,,http://www.lobbyreg.justiz.gv.at/edikte/ir/iredi18.nsf/alldoc/bcfbb56bbc318164c1257bf6004eb1dc!OpenDocument
99,"IGEPHA - seit 27.2.2013 kein Interessenvertreter beschäftigt, Wien",IGEPHA - seit 27.2.2013 kein Interessenvertreter beschäftigt,"IGEPHA Statuten § 2<br/>Der Zweck des Vereines ist:<br/>a) Wahrung und Förderung der wirtschaftlichen und beruflichen Interessen seiner Mitglieder in allen Belangen;<br/>b) Zusammenarbeit mit anderen Organisationen, insbesondere der Association Européenne des<br/>Spécialités Pharmaceutiques Grand Public (AESGP), World Self- Medication Industry (WSMI) und der Vereinigung pharmazeutischer Unternehmen (PHARMIG);<br/>c) Förderung von wissenschaftlichen Instituten, einzelnen Wissenschaftern und Fachzeitschriften;<br/>d) Zusammenarbeit mit gleichartigen Berufsorganisationen des In- und Auslandes und gegenseitiger Meinungsaustausch, allenfalls Beitritt zu solchen Organisationen;<br/>e) Organisation und Durchführung von Veranstaltungen, insbesondere Vorträgen und Tagungen im Interessenbereich des Vereines.",D,,,,1,,,LIVR-00021,,,,,Wien,http://www.igepha.at,"Dornbacher Straße 49/1, AT-1170 Wien",3/10/2015 0:00:00,2/27/2013 0:00:00,,http://www.lobbyreg.justiz.gv.at/edikte/ir/iredi18.nsf/alldoc/19d4a354662ebdebc1257b1f0034b9d7!OpenDocument
150,"Österreichische Gesellschaft für Hämatologie und Medizinische Onkologie, Währinger Gürtel 18-20, 1090 Wien",Österreichische Gesellschaft für Hämatologie und Medizinische Onkologie,"Im Interesse von PatientInnen und Angehörigen will die OeGHO die interdisziplinäre Zusammenarbeit zwischen allen an der Krebstherapie Beteiligten und die Forschung auf dem Gebiet der Hämatologie und Onkologie aktiv fördern. <br/>Darüber hinaus will die OeGHO:<br/>Standards für die Facharztausbildung und für Ausbildungsstätten festlegen<br/>Die Fort- und Weiterbildung von ÄrztInnen und Pflegepersonen unterstützen<br/>Empfehlungen und Leitlinien für die Diagnostik und Therapie herausgeben sowie Empfehlungen, Richtlinien und Stellungnahmen zu anderen das Fachgebiet betreffenden Fragen und Themen abgeben. <br/>Als Fachgesellschaft will die OeGHO inbesondere:<br/>Die persönlichen Kontakte unter den Mitgliedern und die Beziehungen zu den entsprechenden ausländischen Gesellschaften fördern und die Interessen der in diesem Fachgebiet tätigen ÄrztInnen und WissenschafterInnen in Österreich vertreten.",D,,,,1,,,LIVR-00314,,,,,"Währinger Gürtel 18-20, 1090 Wien",http://www.oegho.at,"Postfach 10, AT-1090 Wien",11/30/2015 0:00:00,8/26/2013 0:00:00,,http://www.lobbyreg.justiz.gv.at/edikte/ir/iredi18.nsf/alldoc/7aa7a7d1dd365641c1257bd300327bce!OpenDocument
163,"Österreichischer Generika-Verband, Wien",Österreichischer Generika-Verband,"Zweck des Vereins ist:<br/>a. die Wahrung und Förderung des Informationsaustausches über Einsparmöglichkeiten bei Medikamenten-Ausgaben, insbesondere durch verstärkten Einsatz von Generika,<br/>b. die Wahrnehmung einer Funktion als Interessensvertretung für Generika-Anbieter und Generika-Technologien,<br/>c. die Förderung und Verbreitung von medizinischem und wirtschaftlichem Know-how über Generika in Österreich sowie<br/>d. die Wahrung und Förderung aller anderen wirtschaftlichen und sonstigen Interessen seiner Mitglieder.<br/>e. die Selbstkontrolle der Mitgliedsunternehmen hinsichtlich der Einhaltung der einschlägigen Gesetze und Bestimmungen auf Basis des Verhaltenscodex.",D,,,,1,,,LIVR-00283,,,,,Wien,http://www.generikaverband.at,"Wiedner Hauptstraße 90/12, AT-1050 Wien",3/25/2015 0:00:00,6/10/2013 0:00:00,,http://www.lobbyreg.justiz.gv.at/edikte/ir/iredi18.nsf/alldoc/6207a9dcb81d0163c1257b8600245e0c!OpenDocument
238,"Verband kommunaler Unternehmen Österreichs (VKÖ), Wien",Verband kommunaler Unternehmen Österreichs (VKÖ),"Interessensvertretung der kommunalen Unternehmen, Sicherung der kommunalen Grundversorgung zu leistbaren Preisen, für alle in einer nicht-diskriminierenden Weise",D,,,,1,,,LIVR-00281,,,,,Wien,http://www.vkoe.at/,"Stadiongasse 6-8, AT-1010 Wien",11/23/2015 0:00:00,5/28/2013 0:00:00,,http://www.lobbyreg.justiz.gv.at/edikte/ir/iredi18.nsf/alldoc/daeffa62f27ee545c1257b79003b90b8!OpenDocument
268,"Zieglerverband, Linz",Zieglerverband,"Zusammenfassung &amp;Vertretung der Interessen der privaten mittelständischen Ziegler durch<br/>- Info &amp; Beratung der Mitglieder<br/>- Vertretung der Mitglieder &amp; ihrer Interessen in der Öffentlichkeit, ggü. Behörden, wirtschaftl. Einrichtungen &amp; anderen Stellen<br/>- technische Beratung der Kunden<br/>- Herausgabe &amp; Überwachung Zklt.<br/>- Organisation von Vorträgen, Exkursionen &amp; Studienreisen<br/>- fachlich wissenschaftl. Forschung<br/>- Vertretung des Verbandes &amp; Interessen der Mitglieder im Bereich der Normung &amp; der Baugesetzgebung, Imagepflege &amp; Werbung für Erzeugnisse der Ziegelindustrie<br/>- Erhaltung &amp; Stärkung privater mittelständischer Struktur der Mitgliedswerke<br/>- Bekämpfung aller Erscheinungen unlauteren Wettbewerbs",D,,,,1,,,LIVR-00012,,,,,Linz,http://www.zieglerverband.at,"Anastasius-Grün-Straße 20, AT-4020 Linz",1/28/2015 0:00:00,2/11/2013 0:00:00,,http://www.lobbyreg.justiz.gv.at/edikte/ir/iredi18.nsf/alldoc/6449761640af28aac1257b0f0034b1e2!OpenDocument
15,"ARBÖ, Auto-, Motor- und Radfahrerbund Österreichs, Bundesorganisation, Mariahilfer Straße 180, AT-1150 Wien","ARBÖ, Auto-, Motor- und Radfahrerbund Österreichs, Bundesorganisation","Der ARBÖ, dessen Tätigkeit im Sinne der Bundesabgabenordnung und des Vereinsgesetzes nicht auf Gewinn gerichtet ist, bezweckt ausschließlich und unmittelbar die Förderung der Allgemeinheit auf folgenden Gebieten:<br/>- Gesundheit und Verkehrssicherheit,<br/>- Konsumentenschutz,<br/>- Umweltschutz und Naturschutz,<br/>- Rad- und Motorsport,<br/>- Interessensausgleich zwischen Mobilitätsbedürfnis und Lebens- bzw. Wohnqualität,<br/>- Rettung und Bergung,<br/>- Information und Angebot auf dem Sportsektor,<br/>- Förderung des Verständnisses, Information und Aufklärung bei der Nutzung von Verkehrsmitteln und Verkehrseinrichtungen und<br/>- Zugänglichmachen der Mobilität ohne Rücksicht auf soziale und wirtschaftliche Stellung des Einzelnen unter Bedachtnahme auf ökologische und humane Gesichtspunkte.<br/>Folgende Leistungsbereiche dienen dem ARBÖ zur Erfüllung dieser Aufgaben:<br/>- Technische Leistungen,<br/>- Rechtliche Leistungen,<br/>- Touristische Leistungen,<br/>- Information, <br/>- Freizeit- und Sportberatung bzw. Service.",D,,,,3,,,LIVR-00245,,,,,"Mariahilfer Straße 180, AT-1150 Wien",http://www.arboe.at/,"Mariahilfer Straße 180, AT-1150 Wien",4/22/2013 0:00:00,4/22/2013 0:00:00,,http://www.lobbyreg.justiz.gv.at/edikte/ir/iredi18.nsf/alldoc/e82114eaea1298fec1257b5500287e8b!OpenDocument
89,"GREENPEACE in Zentral- und Osteuropa, Wien",GREENPEACE in Zentral- und Osteuropa,"Greenpeace in Zentral- und Osteuropa ist eine Non-Profit-Organisation, seit 1983 in Österreich aktiv und wird als Verein geführt. Als internationale, unabhängige Umweltschutz-organisation deckt Greenpace mit friedlichen Methoden Umweltprobleme auf. Greenpeace akzeptiert keine Spenden, die an Bedingungen geknüpft sind und akzeptiert auch keine Gelder von Industrie, Staat oder politischen Parteien. Greenpeace wird ausschließlich von privaten FörderInnen getragen und trägt das Spendengütesiegel.",D,,,,3,,,LIVR-00013,,,,,Wien,,"Fernkorngasse 10, AT-1100 Wien",2/11/2013 0:00:00,2/11/2013 0:00:00,,http://www.lobbyreg.justiz.gv.at/edikte/ir/iredi18.nsf/alldoc/522e2dc2ba8228b8c1257b0f0034bb93!OpenDocument
229,"Umweltschutzorganisation GLOBAL 2000, Wien",Umweltschutzorganisation GLOBAL 2000,"GLOBAL 2000 ist eine Non-Profit Organisation und beobachtet seit 1994 konsequent und kritisch die umweltpolitischen Entwicklungen in Österreich und deren Auswirkungen auf unser tägliches Leben. Als unabhängige Umweltschutzorganisation kämpft GLOBAL 2000 für eine intakte Umwelt, eine zukunftsfähige Gesellschaft und nachhaltiges Wirtschaften. GLOBAL 2000 wird als Verein geführt und trägt das Spendengütesiegel.",D,,,,3,,,LIVR-00540,,,,,Wien,,"Neustiftgasse 36, 1070 Wien",2/29/2016 0:00:00,2/29/2016 0:00:00,,http://www.lobbyreg.justiz.gv.at/edikte/ir/iredi18.nsf/alldoc/8c901a727df02772c1257f6800474d20!OpenDocument
230,"Umweltverband WWF Österreich (WORLD WIDE FUND FOR NATURE), Wien",Umweltverband WWF Österreich (WORLD WIDE FUND FOR NATURE),"Der WWF, dessen Tätigkeit nicht auf Gewinn gerichtet ist, hat den Zweck, in Österreich und international die weltweite Erhaltung der Natur und ihrer verschiedenen Erscheinungsformen, das Bewusstsein der Allgemeinheit für die Anliegen des Natur- und Umweltschutzes und die ökologische, soziale und ökonomisch nachhaltige Entwicklung zu fördern.<br/>Durch die Erhaltung der Natur als Lebensgrundlage der Menschen und durch die Bewahrung der Umwelt vor schädlichen Auswirkungen trägt der WWF Österreich (WORLD WIDE FUND FOR NATURE) zum Schutz der Bevölkerung bei. <br/>Der Vereinszweck wird  insbesondere durch die folgenden angeführten Tätigkeiten verwirklicht: <br/>•	Durchführung von Projekten zur Wiederansiedlung ehemals heimischer Tierarten<br/>•	Anregung zur und Unterstützung der Errichtung von Nationalparks<br/>•	Durchführung von Forschungsprojekten und Naturschutzprojekten<br/>•	Stellungnahmen zu umweltrelevanten Problemen<br/>•	Forschungstätigkeit im Bereich des Naturschutzes und Umweltschutzes<br/>•	Abhaltung von Fortbildungsveranstaltungen<br/>•	Beratung von entscheidungsverantwortlichen Personen in Unternehmen, Verbänden, öffentlichen Stellen und Politik<br/>•	Zusammenarbeit mit nationalen und internationalen Institutionen und Organisationen, die gleiche Ziele verfolgen<br/>•	Projektierung, Planung, Organisation und Durchführung von Kommunikation zwischen nationalen und internationalen Organisationseinheiten des WWF<br/>Der WWF Österreich ist Träger des Spendengütesiegels.",D,,,,3,,,LIVR-00465,,,,,Wien,http://www.wwf.at,"Ottakringer Str. 114-116, AT-1160 Wien",5/4/2015 0:00:00,5/4/2015 0:00:00,,http://www.lobbyreg.justiz.gv.at/edikte/ir/iredi18.nsf/alldoc/31809e55dd2fe5f2c1257e3b0042ff42!OpenDocument
175,"p-on Gesellschaft gegen Korruption und Bevormundung (GKB) KG, Perchtoldsdorf",p-on Gesellschaft gegen Korruption und Bevormundung (GKB) KG,"Alle Tätigkeiten im Sinne des Lobbying- und Interessenvertretungs-Transparenz-Gesetz-LobbyG, mit denen auf bestimmte Entscheidungsprozesse in der Gesetzgebung oder Vollziehung des Bundes, der Länder, der Gemeinden und der Gemeindeverbände unmittelbar Einfluss genommen wird.",D,,,,2,,1,LIVR-00495,,,,,Perchtoldsdorf,https://www.p-on.voting/,"L.-Kunschak-Gasse 6, 2380 Perchtoldsdorf",10/12/2015 0:00:00,10/12/2015 0:00:00,,http://www.lobbyreg.justiz.gv.at/edikte/ir/iredi18.nsf/alldoc/48ce8a6d6c224a6ec1257edc004fba54!OpenDocument
261,"Wirtschaftsforum der Führungskräfte, Wien",Wirtschaftsforum der Führungskräfte,"Größte unabhängige Interessensgemeinschaft der österreichischen Führungskräfte. Organisation von Veranstaltungen, Publikation eines Fachmagazins, Umfragen und Studien, Mitgliederbetreuung, Meinungsbildung",D,,,,9,,1,LIVR-00257,,,,,Wien,http://www.wdf.at,"Lothringerstraße 12, AT-1031 Wien",4/29/2013 0:00:00,4/29/2013 0:00:00,,http://www.lobbyreg.justiz.gv.at/edikte/ir/iredi18.nsf/alldoc/b0ec3551869e8921c1257b5c0020eecd!OpenDocument
12,"Amnesty International Österreich, Österreich",Amnesty International Österreich,Menschenrechte,D,,,,2,,11,LIVR-00345,,,,,Österreich,http://www.amnesty.at,"Moeringgasse 10/1, AT-1150 Wien",4/11/2016 0:00:00,1/8/2014 0:00:00,,http://www.lobbyreg.justiz.gv.at/edikte/ir/iredi18.nsf/alldoc/d1d24fbb17e6221cc1257c5a005912b3!OpenDocument
149,"Österreichische Fachhochschul-Konferenz (FHK), Wien",Österreichische Fachhochschul-Konferenz (FHK),"Der Vereinszweck besteht in der Förderung der Bildung, Wissenschaft und Forschung im Allgemeinen und in der Förderung der fachhochschulischen Wissenschaft, Forschung und Lehre in Österreich im Besonderen.",D,,,,5,,200,LIVR-00316,,,,,Wien,,"Bösendorferstrasse 4/11, AT-1010 Wien",3/30/2015 0:00:00,9/2/2013 0:00:00,,http://www.lobbyreg.justiz.gv.at/edikte/ir/iredi18.nsf/alldoc/7f965b32f0e5ccf0c1257bda00283872!OpenDocument
173,"Österreichischer Zeitschriften- und Fachmedien-Verband, Wien",Österreichischer Zeitschriften- und Fachmedien-Verband,"Der Verband hat den Zweck, die gemeinsamen unternehmerischen, verlegerischen und herausgeberischen Interessen zu vertreten und nach besten Kräften zu fördern.<br/>Zu den Aufgaben zählen vor allem:<br/>• Die Vertretung aller gemeinsamen beruflichen, wirtschaftlichen und Standesinteressen gegenüber den Organen des Staates, der Länder, der Gemeinden sowie gegenüber allen Behörden, den Kammern, der Wirtschaft und der gesamten Öffentlichkeit. Besonderes Ziel des Verbandes ist es, die Zeitschriften, Wochenzeitungen und Gratiszeitungen und die elektronischen Fachmedien als integrierenden Bestandteil der Presse und Medienlandschaft im gesellschaftlichen Bewusstsein zu verankern;<br/>• Stellungnahmen, Gutachten und Vorschläge zu Rechts- und Verwaltungsakten (Gesetze, Verordnungen, Verfügungen etc.) welche die Mitglieder und deren Nebenbetriebe und/oder die gesamte Presse und/oder sonstige Medien betreffen;<br/>• Einsatz für die politische und ökonomische Freiheit der Zeitungs- und Zeitschriftenpresse Österreichs und der in Österreich verbreiteten elektronischen Fachmedien, insbesondere durch Erleichterung der Steuerlast und Vergünstigungen bei Inanspruchnahme staatlicher Einrichtungen;<br/>• Beratung und Information der Mitglieder in allen Fragen des Verlagswesens, Aussendung von Verbandsrundschreiben;<br/>• Veranstaltung von Tagungen, Organisation von Vorträgen und fachlichen Diskussionsveranstaltungen;<br/>• Ausgabe von Presselegitimationen an Mitglieder und deren Dienstnehmer und freie Mitarbeiter;<br/>• Jährliche Stiftung eines Preises für Fachzeitschriften- und Fachmedien-Journalisten;<br/>• Der Abschluss von Kollektivverträgen zur Regelung der Arbeitsbedingungen der Arbeitnehmer der Verbandsmitglieder und der Abschluss von Gesamtverträgen zur Regelung der Vertragsbeziehungen zwischen ständigen freien Mitarbeitern und den Verbandsmitgliedern.",D,,,,1,,4500,LIVR-00327,,,,,Wien,http://oezv.or.at/b54m233,"Schottenring 12 / Top 5, 1013 Wien",7/14/2015 0:00:00,10/14/2013 0:00:00,,http://www.lobbyreg.justiz.gv.at/edikte/ir/iredi18.nsf/alldoc/3388c9edad07a05bc1257c04002e0ffe!OpenDocument
72,"Europäischer Verband der mittelständischen Energieunternehmen - EVME, Augasse 20, 8020 Graz",Europäischer Verband der mittelständischen Energieunternehmen - EVME,"Vertretung und Förderung der Interessen seiner Mitglieder in technischen, wirtschaftlichen und rechtlichen Belangen, auf nationaler und auf Ebene der Europäischen Union",D,,,,1,,5000,LIVR-00233,,,,,"Augasse 20, 8020 Graz",http://www.evme.eu,"Augasse 20, AT-8020 Graz",12/23/2014 0:00:00,4/15/2013 0:00:00,,http://www.lobbyreg.justiz.gv.at/edikte/ir/iredi18.nsf/alldoc/6cebe00a42b7b452c1257b4e00265e5f!OpenDocument
251,"Vereinigung Österreichischer Elektrizitätswerke, Augasse 20, 8020 Graz",Vereinigung Österreichischer Elektrizitätswerke,"Vertretung und Förderung der Interessen von kleinen und mittelgroßen Elektrizitätsunternehmen in Österreich in technischen, wirtschaftlichen und rechtlichen Belangen",D,,,,1,,5000,LIVR-00234,,,,,"Augasse 20, 8020 Graz",http://www.voeew.at,"Augasse 20, AT-8020 Graz",12/23/2014 0:00:00,4/15/2013 0:00:00,,http://www.lobbyreg.justiz.gv.at/edikte/ir/iredi18.nsf/alldoc/c3966b91ab5377b3c1257b4e0026678c!OpenDocument
26,"AUSTROMED - Interessensvertretung der Medizinprodukte-Unternehmen, Wien",AUSTROMED - Interessensvertretung der Medizinprodukte-Unternehmen,"STATUTEN §2 Vereinszweck<br/>[...]<br/>4. Der Verein verfolgt vornehmlich folgende Ziele: <br/>a. Die Förderung und Erhaltung hoher Qualitätsstandards bei der Herstellung und dem Vertrieb von Medizinprodukten in Österreich, die Versorgung der Einrichtungen des Gesundheitswesens mit Produkten entsprechend dem jeweils aktuellen Stand der Technik und Sicherheit und in Übereinstimmung mit den jeweils geltenden Gesetzen und Normen, weiters die Unterstützung von Innovationen im Gesundheitswesen. <br/>b. Die Zusammenarbeit mit öffentlichen Institutionen, sowie mit nationalen und internationalen Organisationen auf den Gebieten der Erzeugung und des Vertriebes von Medizinprodukten, die Vertretung gemeinsamer Interessen gegenüber Behörden, Einrichtungen und Verbänden zum Nutzen der Mitglieder, Abnehmer und Patienten. <br/>c. Die Förderung der Modernisierung und Rationalisierung der Mitgliedsunternehmen insbesondere auch durch Förderung der zwischenbetrieblichen Zusammenarbeit zum Nutzen der Versorger, Anwender und Patienten. <br/>d. Die aktive Mitarbeit in einschlägigen nationalen und internationalen Normungsausschüssen und Dialogpflege mit gleichartigen Organisationen. Weiters die enge Kooperation mit Stellen, welche für sicherheitstechnische Belange in der Medizin zuständig sind. <br/>e. Die Organisation von Seminaren, Tagungen und Vorträgen und sonstigen Veranstaltungen im Interessenbereich der Medizinprodukte-Unternehmen. <br/>f. Beratung und aktive Mitarbeit bei der Versorgung der Einrichtungen des österreichischen Gesundheitswesens, insbesondere in Vorbereitung auf / beziehungsweise in Krisenzeiten.<br/>[...]",D,,,,1,,6300,LIVR-00017,,,,,Wien,http://www.austromed.org,"Bossigasse 24/7, AT-1130 Wien",9/7/2015 0:00:00,2/18/2013 0:00:00,,http://www.lobbyreg.justiz.gv.at/edikte/ir/iredi18.nsf/alldoc/ed6d1801c377830fc1257b16004469b3!OpenDocument
240,"Verband Österreichischer Privatsender, Wien",Verband Österreichischer Privatsender,"Der Verband Österreichischer Privatsender (VÖP) vertritt die fachlichen Interessen der privaten Rundfunkveranstalter in Österreich und auf EU-Ebene und unterstützt seine Mitglieder durch individuelle Beratung und Information. Der Verband repräsentiert mittlerweile alle wesentlichen, am österreichischen Markt tätigen privaten Rundfunkunternehmen und ist Interessenvertreter der Privatsender in Österreich, Ansprechpartner für seine Mitglieder, Partner der Politik, Kooperationspartner für andere Verbände (z.B. VÖZ, WKO, VPRT), Ansprechpartner für Regulierungsbehörde KommAustria und RTR-GmbH, Vertreter und Mitglied im Österreichischen Werberat ÖWR, in der Association of European Radios AER, in der International Advertising Association IAA, sowie in der Österreichischen Public Affairs Vereinigung ÖPAV.",D,,,,1,,8208,LIVR-00246,,,,,Wien,http://www.voep.at,"Parkring 10, AT-1010 Wien",8/24/2015 0:00:00,4/22/2013 0:00:00,,http://www.lobbyreg.justiz.gv.at/edikte/ir/iredi18.nsf/alldoc/fb30583b891aeb1bc1257b550028830a!OpenDocument
151,"Österreichische Hoteliervereinigung, Wien",Österreichische Hoteliervereinigung,Die Österreichische Hoteliervereinigung (ÖHV) gestaltet als freiwillige parteiunabhängige Interessenvertretung der führenden Hotellerie durch Lobbying die Rahmenbedingungen für modernes Unternehmertum. Mehr als 1.200 Mitgliedsbetriebe mit über 40.000 Mitarbeitern nutzen operative Dienstleistungen in Marketing und Weiterbildung genauso wie ihren Vorsprung durch Innovation und Vernetzung.<br/>Im Fokus der Arbeit der ÖHV stehen alle für den Tourismus relevanten Themen.,D,,,,5,,10000,LIVR-00049,,,,,Wien,http://www.oehv.at,"Hofburg, Gottfried von Einem Stiege, AT-1010 Wien",1/18/2016 0:00:00,3/25/2013 0:00:00,,http://www.lobbyreg.justiz.gv.at/edikte/ir/iredi18.nsf/alldoc/b4cdbf2369475bffc1257b390046d364!OpenDocument
110,"Internet Service Providers Austria (ISPA) Verband der österr. Internet-Anbieter, Wien",Internet Service Providers Austria (ISPA) Verband der österr. Internet-Anbieter,Die ISPA – Internet Service Providers Austria – ist die Dachorganisation der Internetwirtschaft. Ihr Anliegen ist die Gestaltung der optimalen wirtschaftlichen und rechtlichen Bedingungen für die Entwicklung des Internets. Die ISPA betrachtet die Nutzung des Internets als entscheidende Kulturtechnik und nimmt die sich daraus ergebende gesellschaftspolitische Verantwortung wahr.,D,,,,1,,12000,LIVR-00226,,,,,Wien,https://www.ispa.at/,"Währingerstr. 3/18, AT-1090 Wien",7/28/2015 0:00:00,4/10/2013 0:00:00,,http://www.lobbyreg.justiz.gv.at/edikte/ir/iredi18.nsf/alldoc/9d803ef12c665099c1257b49003858a1!OpenDocument
159,"Österreichische Vereinigung für Supervision und Coaching (ÖVS), 1010 Wien",Österreichische Vereinigung für Supervision und Coaching (ÖVS),"Fach- und Berufsverband für Supervision, Coaching und Organisationsberatung in Österreich",D,,,,13,,12574,LIVR-00317,,,,,1010 Wien,http://www.oevs.or.at,"Heinrichsgasse 4/2/8, AT-1010 Wien",12/15/2015 0:00:00,9/2/2013 0:00:00,,http://www.lobbyreg.justiz.gv.at/edikte/ir/iredi18.nsf/alldoc/4c9c55569f833172c1257bda00283d3e!OpenDocument
161,"Österreichischer Apothekerverband, Spitalgasse 31, 1090 Wien",Österreichischer Apothekerverband,Der Österreichische Apothekerverband bezweckt ausschließlich und unmittelbar die Erhaltung und Förderung der flächendeckenden Versorgung der österreichischen Bevölkerung mit Arzneimitteln durch öffentliche Apotheken.,D,,,,3,,13687,LIVR-00303,,,,,"Spitalgasse 31, 1090 Wien",http://www.apothekerverband.at,"Spitalgasse 31, AT-1090 Wien",9/23/2015 0:00:00,7/19/2013 0:00:00,,http://www.lobbyreg.justiz.gv.at/edikte/ir/iredi18.nsf/alldoc/2371c20cd6f70fa8c1257bad002ee3a1!OpenDocument
76,"Forum Mobilkommunikation, Wien",Forum Mobilkommunikation,"Freiwillige Interessensvertretung der Mobilfunkbranche Österreichs<br/>Zweck des Vereins ist<br/>a) die Entwicklung und Unterstützung der mobilen Kommunikation in Österreich,<br/>b) die Förderung der Information der Bevölkerung zu Mobilfunk insbesondere über die wissenschaftliche Diskussion zu möglichen Auswirkungen der Technologie,<br/>c) die Vertretung der Interessen seiner Mitglieder und<br/>d) die aktive Öffentlichkeitsarbeit zu branchenrelevanten und gesellschaftspolitischen Themen.",D,,,,1,,25000,LIVR-00284,,,,,Wien,http://www.fmk.at,"Mariahilfer Straße 37 - 39, 5.OG, AT-1060 Wien",11/30/2015 0:00:00,6/10/2013 0:00:00,,http://www.lobbyreg.justiz.gv.at/edikte/ir/iredi18.nsf/alldoc/a9cb7739293e58fdc1257b860024614f!OpenDocument
127,"LICHT FÜR DIE WELT - Christoffel Entwicklungszusammenarbeit, Wien",LICHT FÜR DIE WELT - Christoffel Entwicklungszusammenarbeit,"LICHT FÜR DIE WELT ist eine international tätige Fachorganisation, die sich für Menschen mit Behinderungen in Entwicklungsländer einsetzt. <br/>Das Ziel von LICHT FÜR DIE WELT ist eine inklusive Gesellschaft. Die Schwerpunkte der Arbeit<br/>sind Blindheitsverhütung, Rehabilitation, Bildung und der Einsatz für die Rechte von Menschen mit Behinderung in Entwicklungsländern und der Entwicklungszusammenarbeit. <br/>LICHT FÜR DIE WELT ist als unabhängiger gemeinnütziger Verein organisiert, der 1988 als<br/>Christoffel-Blindenmission gegründet wurde und seit 2001 Träger des Spendengütesiegels ist. <br/>Spenden an LICHT FÜR DIE WELT sind steuerlich absetzbar.",D,,,,1,,29578,LIVR-00074,,,,,Wien,http://www.lichtfuerdiewelt.at/,"Niederhofstrasse 26, AT-1120 Wien",1/19/2015 0:00:00,3/29/2013 0:00:00,,http://www.lobbyreg.justiz.gv.at/edikte/ir/iredi18.nsf/alldoc/4da29e14d2aa3769c1257b3d003e569d!OpenDocument
242,"Verband Österreichischer Ziegelwerke , Wien",Verband Österreichischer Ziegelwerke ,"Der Verband Österreichischer Ziegelwerke ist die bundesweite freiwillige Interessensvertretung der österreichischen Ziegelindustrie.<br/>Die Aufgabe des Verbandes Österreichischer Ziegelwerke ist es, die Vorteile der Ziegelbauweise durch Lobbying, Marketing und technische Beratung allen potentiellen Kunden und Partner bekannt zu machen.",D,,,,2,,32800,LIVR-00225,,,,,Wien,http://www.ziegel.at,"Wienerbergstrasse 11, AT-1100 Wien",12/23/2015 0:00:00,4/10/2013 0:00:00,,http://www.lobbyreg.justiz.gv.at/edikte/ir/iredi18.nsf/alldoc/7dfef60cf8ae8a76c1257b4900385517!OpenDocument
235,"Verband Alternativer Telekom-Netzbetreiber (VAT), Wien",Verband Alternativer Telekom-Netzbetreiber (VAT),"Interessenvertretung der aufgrund der Liberalisierung des Telekommunikationsmarktes in Österreich agierenden neuen Unternehmen, zur Schaffung  notwendiger und fairer Rahmenbedingungen um einen Wettbewerb zu gewährleisten.",D,,,,1,,50000,LIVR-00034,,,,,Wien,http://www.vat.at,"Mariahilfer Str. 37-39 5.OG, AT-1060 Wien",2/22/2016 0:00:00,3/11/2013 0:00:00,,http://www.lobbyreg.justiz.gv.at/edikte/ir/iredi18.nsf/alldoc/d535d8b098bf2835c1257b2b002dad83!OpenDocument
172,"Österreichischer Wirtschaftsbund (ÖWB), Wien",Österreichischer Wirtschaftsbund (ÖWB),Der Österreichische Wirtschaftsbund ist die größte Interessenvertretung der Unternehmerinnen und Unternehmer sowie der Leitungsträgerinnen und Leistungsträger der österreichischen Wirtschaft. Im Interesse seiner Mitglieder und der gesamten Wirtschaft leisten der Wirtschaftsbund und seine Funktionäre in den verschiedensten Funktionen und wirtschaftspolitischen Bereichen einen wesentlichen Beitrag zur Erhaltung und Steigerung der Attraktivität des Wirtschaftsstandortes Österreich und setzen sich im Sinne der Interessen der Mitglieder und der Wirtschaft für unternehmer- und wirtschaftsfreundliche Rahmenbedingungen ein.,D,,,,1,,75000,LIVR-00280,,,,,Wien,http://www.wirtschaftsbund.at,"Mozartgasse 4, AT-1041 Wien",10/5/2015 0:00:00,5/28/2013 0:00:00,,http://www.lobbyreg.justiz.gv.at/edikte/ir/iredi18.nsf/alldoc/fb35ae223a6e9b95c1257b79003b8ab7!OpenDocument
106,"Institut Österreichischer Wirtschaftsprüfer (abgekürzt iwp), Wien",Institut Österreichischer Wirtschaftsprüfer (abgekürzt iwp),"Vereinszweck ist die Förderung der Interessen der österreichischen Wirtschaftsprüfer und Wirtschaftsprüfungsgesellschaften. Dazu gehören die Weiterentwicklung des Berufsbilds des Wirtschaftsprüfers sowie die Ausrichtung der Mitglieder in ihrer beruflichen Haltung. Darüber hinaus soll der Verein Plattform für eine unmittelbare gegenseitige Förderung und Unterstützung der Mitglieder im weitesten Sinne des Wortes sein.<br/>Die Vertretung der Interessen des Berufsstands der österreichischen Wirtschaftsprüfer in ihrer Funktion als Abschlussprüfer gegenüber dem Gesetzgeber, staatlichen Einrichtungen, Aufsichtsbehörden und der Öffentlichkeit sowie in anerkannten internationalen Gremien und der EU,<br/>die Vertretung der Interessen des Berufsstands der österreichischen Wirtschaftsprüfer in allen anderen beruflichen Tätigkeitsbereichen und berufsrechtlichen Belangen,<br/>die gutachtliche Stellungnahme zu Fach- und Berufsfragen, die den Berufsstand der Wirtschaftsprüfer betreffen,<br/>die Veranstaltung von Vorträgen und Fachtagungen,<br/>die Förderung der Qualitätssicherung, <br/>die Anknüpfung und Pflege der Verbindung mit gleichartigen Institutionen des In- und Auslandes,<br/>die Anknüpfung und Pflege der Verbindung mit der universitären Forschung und Lehre auf dem Gebiet des Prüfungswesens,<br/>die Pflege des gesellschaftlichen Verkehrs zwischen den Mitgliedern,<br/>die Unterstützung hilfsbedürftiger Mitglieder; diese haben darauf keinen Rechtsanspruch.",D,,,,12,,77442,LIVR-00306,,,,,Wien,http://www.iwp.or.at,"Schwarzenbergplatz 4, Haus der Industrie, AT-1030 Wien",12/23/2015 0:00:00,8/5/2013 0:00:00,,http://www.lobbyreg.justiz.gv.at/edikte/ir/iredi18.nsf/alldoc/9336028d0fde89bfc1257bbe0048c302!OpenDocument
254,"VÖEB, Verband Österreichischer Entsorgungsbetriebe, Wien","VÖEB, Verband Österreichischer Entsorgungsbetriebe","Auszug aus den Statuten<br/>§ 2 Statuten Vereinszweck<br/>(1) Der Verein verfolgt folgende Zwecke:<br/>(a) Förderung und Unterstützung der Mitglieder in ihrem Tätigkeitsbereich bei der Anwendung eines - vom Vereinsvorstand vorgegebenen - hohen technischen Standards;<br/>(b) Wahrnehmung und Vertretung der gemeinsamen Interessen der nach kommerziellen Grundsätzen geführten österreichischen Unternehmen der Entsorgungswirtschaft gegenüber Behörden, Kammern und sonstigen privaten und öffentlich-rechtlichen Einrichtungen, die Einfluß auf die Tätigkeit der österreichischen Entsorgungswirtschaft haben;<br/>(c) Abhaltung von Messen, Kolloquien, Seminaren und Veranstaltungen.",D,,,,2,,80000,LIVR-00312,,,,,Wien,http://www.voeb.at,"Schwarzenbergplatz 4, AT-1030 Wien",1/13/2015 0:00:00,8/19/2013 0:00:00,,http://www.lobbyreg.justiz.gv.at/edikte/ir/iredi18.nsf/alldoc/4eda1b5248b64216c1257bcc00307dec!OpenDocument
241,"Verband Österreichischer Zeitungen, Wien",Verband Österreichischer Zeitungen,"Der Verband Österreichischer Zeitungen hat den Zweck, die gemeinsamen herausgeberischen und verlegerischen Interessen der österreichischen Zeitungen, einschließlich der Interessen von Unternehmen, deren Tätigkeiten den herausgeberischen und verlegerischen Interessen von österreichischen Zeitungen unmittelbar oder mittelbar dienen (z.B. Druckereigesellschaften), soweit diese zumindest den Status einer außerordentlichen Verbandsmitgliedschaft haben, zu vertreten und zu fördern.<br/>Im Besonderen hat der Verband folgende Aufgaben zu erfüllen:<br/>•die Zeitungsherausgeber und Zeitungsverleger in allen gemeinsamen Angelegenheiten gegenüber den Organen des Staates, der Länder und Gemeinden, gegenüber den Behörden, den Kammern, der Wirtschaft und der Öffentlichkeit zu repräsentieren;<br/>•Stellungnahmen, Gutachten und Vorschläge zu Gesetzen, Verordnungen und Verfügungen, welche die Presse und deren Nebenbetriebe betreffen, auszuarbeiten;<br/>•die Arbeitsbedingungen für die Angestellten und Arbeiter seiner ordentlichen und außerordentlichen Verbandsmitglieder durch den Abschluss von Kollektivverträgen zu regeln;<br/>•die öffentliche Aufgabe und die gesellschaftspolitische Bedeutung der Presse in Österreich zu vertreten;<br/>•gegebenenfalls eigene wirtschaftliche Unternehmungen im gemeinsamen Interesse der Mitglieder zu errichten und zu führen.",D,,,,2,,81450,LIVR-00016,,,,,Wien,http://www.voez.at/b1455m233,"Schottenring 12 / Top 5, 1013 Wien",7/28/2015 0:00:00,2/18/2013 0:00:00,,http://www.lobbyreg.justiz.gv.at/edikte/ir/iredi18.nsf/alldoc/7ec4b5ec7862cdcec1257b1600446522!OpenDocument
109,"Interessenvertretung Gemeinnütziger Organisationen, kurz IGO, Wien","Interessenvertretung Gemeinnütziger Organisationen, kurz IGO","Der Verein, dessen Tätigkeit nicht auf Gewinn gerichtet ist, bezweckt die Vertretung der Interessen von österreichischen gemeinnützigen Vereinen und gemeinnützigen Non Profit Organisationen anderer Rechtsformen insbesondere durch<br/>a) die Verbesserung der gesetzlichen und wirtschaftlichen Rahmenbedingungen gemeinnütziger Vereine und Organisationen in Österreich<br/>b) die Hebung des Ansehens und des Stellenwertes des dritten Sektors in der Öffentlichkeit.",D,,,,1,,82900,LIVR-00007,,,,,Wien,http://www.gemeinnuetzig.at,"Stubenring 2/4, 1010 Wien",10/19/2015 0:00:00,2/4/2013 0:00:00,,http://www.lobbyreg.justiz.gv.at/edikte/ir/iredi18.nsf/alldoc/c27d43db6f1cdedec1257b08003f827b!OpenDocument
105,"Initiative Sonnenhaus Österreich, Linz",Initiative Sonnenhaus Österreich,"Initiative Sonnenhaus Österreich ( ISH ) ist ein gemeinnütziger Verein der sich das Ziel gesetzt hat, <br/>das Konzept des Sonnenhauses in Österreich zu forcieren und als Baustandard zu etablieren. <br/>Dabei geht es vor allem um die Bau- und Heiztechnik, die das Sonnenhauskonzept auszeichnet. <br/>Informationen über Sonnenhäuser, energieeffizientes Bauen und Sanieren, den aktuellen Stand der Technik und Fördermöglichkeiten sowie die Schulung der Mitarbeiter von ausführenden Unternehmen stehen im Vordergrund. <br/>Zukünftige Bauherrn sollen auf dieses Bau- und Heizkonzept aufmerksam gemacht und ihnen Kompetenzpartner aus dem Netzwerk als ausführende Betriebe vermittelt werden.",D,,,,1,,113680,LIVR-00159,,,,,Linz,http://www.sonnenhaus.co.at,"Anastasius-Grün-Strasse 20, AT-4020 Linz",9/7/2015 0:00:00,4/5/2013 0:00:00,,http://www.lobbyreg.justiz.gv.at/edikte/ir/iredi18.nsf/alldoc/093da7244bcd6374c1257b44002787ec!OpenDocument
236,"VERBAND DER ÖSTERREICHISCHEN MUSIKWIRTSCHAFT - IFPI AUSTRIA, Österreich",VERBAND DER ÖSTERREICHISCHEN MUSIKWIRTSCHAFT - IFPI AUSTRIA,"Der Verband der österreichischen Musikwirtschaft – IFPI Austria vertritt die Interessen seiner Mitglieder in allen firmenübergreifenden Fragen. Zu den Mitgliedsfirmen zählen österreichische Independents ebenso wie die Tochterfirmen der weltweit tätigen Musikunternehmen. Ziel des Verbands ist die Verbesserung der wirtschaftlichen, rechtlichen, medialen und kulturellen Rahmenbedingungen für die Kreation, Produktion und den Vertrieb von Musikaufnahmen in Österreich. ",D,,,,1,,142245,LIVR-00015,,,,,Österreich,http://www.ifpi.at/,"Seilerstätte 18-20/Mezzanin, AT-1010 Wien",2/2/2015 0:00:00,2/18/2013 0:00:00,,http://www.lobbyreg.justiz.gv.at/edikte/ir/iredi18.nsf/alldoc/45f4c847c374fdacc1257b1600444944!OpenDocument
250,"Vereinigung Industrieller Bauunternehmungen Österreichs - VIBÖ, Wien",Vereinigung Industrieller Bauunternehmungen Österreichs - VIBÖ,"Die VIBÖ ist seit über 60 Jahren die Trägerorganisation der österreichischen Bauindustrie zur Gestaltung und Umsetzung einer aktiven und fortschrittlichen Baupolitik. Die Mitgliedschaft beruht auf Freiwilligkeit und Unabhängigkeit. Im Verhältnis zu Ihren Mitgliedern steht die VIBÖ als Plattform für Kontakte zur Verfügung und bietet ein Forum für den Meinungs- und Erfahrungsaustausch zu baupolitischen Themen, ohne in den Wettbewerb zwischen den Mitgliedern einzugreifen.<br/>Mit ihren Aktivitäten trägt die VIBÖ dazu bei, die Wettbewerbsfähigkeit der österreichischen Bauindustrie auf den nationalen und internationalen Märkten zu verbessern. Zu den Aufgaben der VIBÖ zählen insbesondere:<br/>- Analyse des privaten und öffentlichen Baubedarfs und laufende Beobachtung der Baunachfrage<br/>- Erarbeitung von Vorschlägen für die nachhaltige Finanzierung des öffentlichen Baubedarfs und Mitgestaltung von Grundlagen für innovative Finanzierungsmodelle<br/>- Verhandlungen mit öffentlichen Auftraggebern über ausgewogene Vergabe- und Vertragsbedingungen zur wirtschaftlichen und kosteneffizienten Abwicklung von Bauprojekten<br/>- Mitwirkung bei baurelevanten Maßnahmen der Gesetzgebung, Verwaltung und Normung.<br/>Die VIBÖ agiert in unmittelbarem Interesse ihrer Mitglieder, ist sich aber darüber hinaus der gesamtwirtschaftlichen Verantwortung bewusst, welche die Bauindustrie als Schlüsselbranche für Konjunktur und Standortqualität zu tragen hat.",D,,,,1,,145000,LIVR-00030,,,,,Wien,http://www.viboe.at,"Schwarzenbergplatz 4, AT-1031 Wien",4/18/2016 0:00:00,3/5/2013 0:00:00,,http://www.lobbyreg.justiz.gv.at/edikte/ir/iredi18.nsf/alldoc/f89bd96b270c1581c1257b25002cb6e5!OpenDocument
249,"Vereinigung der Österreichischen Zementindustrie, Reisnerstraße 53, AT-1030 Wien",Vereinigung der Österreichischen Zementindustrie,"VÖZ, die Vereinigung der Österreichischen Zementindustrie vertritt die Interessen der österreichischen Produktionsstandorte und versteht sich als Partner von Baugewerbe und Bauindustrie, der Behörden der Auftraggeber, aber auch als Service- und Anlaufstelle für den Endverbraucher. VÖZ widmet sich intensiv der Forschung und Entwicklung des Baustoffes Beton. Mit der Forcierung neuer Technologien und dem Angebot  von kundenorientierten Speziallösungen erweist sich die VÖZ als innovativer Motor der Bauindustrie. Darüberhinaus beobachtet die VÖZ laufend die aktuellen Entwicklungen und ist maßgeblich daran beteiligt, den jeweils neuesten Stand der Technik in der österreichischen Bauwirtschaft zu verankern. Einen wesentlichen Schwerpunkt bildet die Mitarbeit bei der Erstellung von Normen und Richtlinien.",D,,,,4,,157138,LIVR-00048,,,,,"Reisnerstraße 53, AT-1030 Wien",http://www.zement.at/,"Reisnerstraße 53, AT-1030 Wien",12/15/2015 0:00:00,3/25/2013 0:00:00,,http://www.lobbyreg.justiz.gv.at/edikte/ir/iredi18.nsf/alldoc/5c956b2b627605f0c1257b390046cdeb!OpenDocument
266,"Zentralverband Spedition & Logistik (ZV), Wien",Zentralverband Spedition &amp; Logistik (ZV),"Der Zentralverband Spedition &amp; Logistik ist eine Interessensvertretung auf freiwilliger Basis für Spediteure und Logistik-Dienstleister mit Speditionskonzession. Wir sind unabhängig, überparteilich und verkehrsmittelneutral. Der Verband ist Mitglied in der internationalen Dachorganisation FIATA und vertritt durch sie die Interessen seiner Mitglieder auch grenzüberschreitend.<br/>Der Verband, der nicht auf Gewinn gerichtet ist, bezweckt gemäß seiner Statuten<br/>- die Bereitstellung einer bundesweiten Plattform zur Förderung der ideellen und wirtschaftlichen Interessen der Spediteur- und Logistikbranche;<br/>- die Vertretung der beruflichen, wirtschaftlichen und Brancheninteressen der Verbandsmitglieder gegenüber den Behörden in Österreich und Brüssel und der Öffentlichkeit;<br/>- die Förderung der wirtschaftlichen Rahmenbedingungen für die Spediteur- und Logistikbranche, insbesondere die Förderung des lauteren Wettbewerbs mit dem Ziel, qualitativ hochstehende und innovative Spediteur- und Logistikdienste zu ermöglichen; die Unterstützung von Entwicklungs- und Fortbildungsprojekten, im besonderen auch für Dienstnehmer und des wirtschaftlichen Know-hows;<br/>- die Liberalisierung nationaler und internationaler Regelungen, die sich als Handels- und Dienstleistungsbarrieren für die Spediteur- und Logistikbranche auswirken können;<br/>- die Zusammenarbeit mit den Spediteur- und Logistikverbänden des Auslandes sowie mit internationalen Instituten, vor allem der FIATA.",D,,,,1,,195600,LIVR-00195,,,,,Wien,http://www.spediteure-logistik.at,"Mariahilfer Gürtel 39/1/1/8, AT-1150 Wien",12/10/2015 0:00:00,4/5/2013 0:00:00,,http://www.lobbyreg.justiz.gv.at/edikte/ir/iredi18.nsf/alldoc/27831d227faa6298c1257b44004f8e8f!OpenDocument
174,"Österreichs E-Wirtschaft, Brahmsplatz 3, 1040 Wien",Österreichs E-Wirtschaft,"Vereinszweck:<br/>- die Pflege der Zusammenarbeit aller  Mitgliedsunternehmen im Rahmen der einschlägigen gesetzlichen Bestimmungen in wirtschaftlichen, technischen und rechtlichen Belangen mit dem Ziel der Entwicklung einer wettbewerblich organisierten Elektrizitätswirtschaft unter Bedachtnahme auf die rechtlich verbindlichen öffentlichen Interessen und Dienstleistungen;<br/>- die Wahrung der Interessen seiner Mitglieder gegenüber Behörden, Körperschaften und anderen Stellen, insbesondere auch in arbeitsrechtlichen Angelegenheiten (einschließlich des Abschlusses von Kollektivverträgen nach Anerkennung der Kollektivvertragsfähigkeit im Sinne des Bundesgesetzes vom 26. Februar 1947, BGBl. Nr. 76);<br/>- den Informations- und Meinungsaustausch zwischen den Mitgliedern und mit anderen<br/>Organisationen des In- und Auslandes, die sich mit einschlägigen Fragen befassen, im wettbewerbsrechtlich zulässigen Rahmen;<br/>- die Beratung der Mitglieder in allen wirtschaftlichen, technischen und besonderen rechtlichen Angelegenheiten der Elektrizitätswirtschaft;<br/>- die Fortentwicklung der technischen und wirtschaftlichen Methoden im Rahmen des Elektrizitätswesens aufgrund der jeweils neuesten Erkenntnisse von Wissenschaft und Technik;<br/>- die Durchführung und Erfüllung aller jener Aufgaben, zu denen er aufgrund von gesetzlichen und behördlichen Vorschriften verpflichtet ist bzw. von Behörden oder Körperschaften des öffentlichen Rechts zur Erledigung betraut wird;",D,,,,15,,500000,LIVR-00232,,,,,"Brahmsplatz 3, 1040 Wien",http://www.oesterreichsenergie.at,"Brahmsplatz 3, AT-1041 Wien",2/9/2015 0:00:00,4/15/2013 0:00:00,,http://www.lobbyreg.justiz.gv.at/edikte/ir/iredi18.nsf/alldoc/412b5e63b4390712c1257b4e0026556d!OpenDocument
162,"Österreichischer Automobil-, Motorrad- und Touring Club (ÖAMTC), Wien","Österreichischer Automobil-, Motorrad- und Touring Club (ÖAMTC)","Die Förderung der Mobilität unter besonderer Bedachtnahme auf soziale Verträglichkeit, Schonung der Ressourcen, Ausgleich von gegensätzlichen Interessen zwischen individueller Mobilität und Umweltschutz, wechselseitige Hilfe und Unterstützung der Verkehrsteilnehmer.",D,,,,4,,763000,LIVR-00269,,,,,Wien,,"Schubertring 1-3, AT-1010 Wien",7/28/2015 0:00:00,5/6/2013 0:00:00,,http://www.lobbyreg.justiz.gv.at/edikte/ir/iredi18.nsf/alldoc/bd5d1489fe44416dc1257b6300552e8b!OpenDocument
166,"Österreichischer Gewerkschaftsbund, Wien",Österreichischer Gewerkschaftsbund,"Der Österreichische Gewerkschaftsbund (ÖGB) ist eine auf demokratischer, überparteilicher Grundlage aufgebaute und auf freiwilliger Mitgliedschaft beruhende Berufsvereinigung von ArbeitnehmerInnen. Er umfasst alle unselbstständig Erwerbstätigen und diesen nahestehende Gruppen (insbes. Menschen in Ausbildung, Arbeitslose, im Ruhestand bzw. in Pension befindliche ehemals unselbstständig Erwerbstätige und sonstige unselbstständig erwerbstätige Berufsgruppen, soweit sie von ihrer Tätigkeit her mit unselbstständig Erwerbstätigen vergleichbar sind). Der ÖGB vertritt die sozialen, wirtschaftlichen und kulturellen Interessen des genannten Personenkreises.<br/>Der ÖGB gliedert sich in folgende Gewerkschaften:<br/>Gewerkschaft der Privatangestellten, Druck Journalismus, Papier<br/>Gewerkschaft Öffentlicher Dienst<br/>Gewerkschaft der Gemeindebediensteten - Kunst, Medien, Sport, freie Berufe<br/>Gewerkschaft Bau-Holz<br/>Gewerkschaft vida<br/>Gewerkschaft der Post- und Fernmeldebediensteten<br/>Gewerkschaft PRO-GE<br/>Dem ÖGB und den Gewerkschaften obliegen u.a. folgende Aufgaben:<br/>Gewerkschaftliche Aktionen zur Herbeiführung bester Arbeits-, Einkommens- und Sozialbedingungen;<br/>Die Mitwirkung an der Erschließung und Sicherung von Arbeitsmöglichkeiten;<br/>die Initiierung von Gesetzen und Verordnungen sowie die Mitwirkung an deren Vorbereitung;<br/>die Vereinbarung von Einzel-, Betriebs- und Kollektivverträgen mit den ArbeitgeberInnen oder ihren Vertretungen;<br/>die Förderung einer wahren Wirtschafts- und Betriebsdemokratie durch Einfluss der Gewerkschaften und der Betriebsräte, Personalvertretungen, Jugendvertrauensräte und der Behindertenvertrauenspersonen sowie anderer von den ArbeitnehmerInnen in den Betrieben gewählten Organe auf die Führung der Betriebe und wirtschaftlicher Institutionen;<br/>die Wahrung, Verbesserung und Ausbau des ArbeitnehmerInnenschutzes;<br/>die Schaffung und Führung von Bildungseinrichtungen;<br/>die Schulung der Vertrauenspersonen und Mitglieder von Betriebsräten, Personalvertrretungen, Jugendvertrauensräten und Behindertenvertrauenspersonen sowie anderen FunktionärInnen;<br/>Einflussnahme auf die Entwicklung der Sozialversicherungseinrichtungen und Mitgestaltung bzw. Mitwirkung in diesen Einrichtungen;<br/>die Pflege der Beziehungen, insbes. zum Internationalen Gewerkschaftsbund, den internationalen Berufssekretariaten, dem Europäischen Gewerkschaftsbund, den gewerkschaftlichen Landeszentralen und den einzelnen Gewerkschaften anderer Staaten, Zusammenarbeit mit den Gewerkschaften anderer Staaten im Rahmen von EU-Programmen und auch darüber hinaus.",D,,,,41,,2700000,LIVR-00163,,,,,Wien,http://www.oegb.at,"Johann-Böhm-Platz 1, AT-1020 Wien",9/30/2015 0:00:00,4/5/2013 0:00:00,,http://www.lobbyreg.justiz.gv.at/edikte/ir/iredi18.nsf/alldoc/666e887466ff3203c1257b440027b8dc!OpenDocument
200,"Rosam Beteiligungs GmbH (der Teilbetrieb ""Change Communications"" am 10.02.2015 mit sämtlichen Rechten und Pflichten in die Rosam Change Communications GmbH, FN 422522g, LIVR-00486 eingebracht)",Rosam Beteiligungs GmbH,"Change Communications, Management, Projektleitung",A1,"Wolfgang Rosam (TT.MM.1957), Mag. Silvia Grünberger (TT.MM.1981),","EUR 318.000,00",7,2,,,LIVR-00351,,,,,Wien,http://www.rosam.at,"Führichgasse 8, AT-1010 Wien",9/7/2015 0:00:00,1/27/2014 0:00:00,01.01.,http://www.lobbyreg.justiz.gv.at/edikte/ir/iredi18.nsf/alldoc/ea28a50de864bd1bc1257c6d00331ff5!OpenDocument
107,"Interessengemeinschaft Passivhaus Österreich, Wien",Interessengemeinschaft Passivhaus Österreich,Die IG Passivhaus ist eine unabhängige Interessensvertretung für die Verbreitung des Passivhaus-Standards in Österreich. Die IG Passivhaus Österreich dient als zentrale Stelle zur Koordination für Zusammenarbeit und Informationsaustausch der IG Passivhaus Länderorganisationen,D,,,,21,,,LIVR-00047,,,,,Wien,http://www.igpassivhaus.at,"Mariahilferstrasse 120, AT-1070 Wien",3/25/2013 0:00:00,3/25/2013 0:00:00,,http://www.lobbyreg.justiz.gv.at/edikte/ir/iredi18.nsf/alldoc/334a443025400455c1257b390046c2d2!OpenDocument
108,"Interessensvertretung Österreichischer Aufsichtsräte (seit 1.1.2014 keine Interessensvertreter beschäftigt), Wien",Interessensvertretung Österreichischer Aufsichtsräte (seit 1.1.2014 keine Interessensvertreter beschäftigt),"Der Verein bezweckt die Förderung und Vertretung der Interessen von Aufsichtsräten in Unternehmen mit Sitz in Österreich.<br/>Unterstützung einschlägiger wissenschaftlicher Forschung, Organisation von Veranstaltungen.<br/>Förderung der Bildung.<br/>Nationaler und internationaler Erfahrungsaustausch von Aufsichtsräten über Aufgaben und Stellung des Aufsichtsrates.<br/>Herstellung und Pflege von Kontakten zu Repräsentanten von Politik und Gesetzgebung, Lobbying, Öffentlichkeitsarbeit sowie aktive Mitarbeit bei der Meinungsbildung.<br/>Erarbeitung, Präsentation und Veröffentlichung von Stellungnahmen zu Themen, die die Interessen von Aufsichtsräten berühren, auch im Bereich der Legistik.<br/>Mitarbeit in internationalen Berufsverbänden und Fachgremien.",D,,,,0,,,LIVR-00075,,,,,Wien,http://www.interessensvertretungaufsichtsraete.at/,"Rahlgasse 1/11, 1060 Wien",9/14/2015 0:00:00,3/29/2013 0:00:00,,http://www.lobbyreg.justiz.gv.at/edikte/ir/iredi18.nsf/alldoc/1a07bc83e346f57fc1257b3d003e5de1!OpenDocument
167,"Österreichischer Landarbeiterkammertag, Wien",Österreichischer Landarbeiterkammertag,"Zweck des ÖLAKT ist insbesondere:<br/>a)	die Förderung der Zusammenarbeit der Landarbeiterkammern (Dienstnehmersektion) untereinander;<br/>b)	die Beratung und Durchführung gemeinsamer Angelegenheiten;<br/>c)	die Erstattung von Berichten, Vorschlägen und Gutachten in Angelegenheiten, die in die Zuständigkeit der Landarbeiterkammern (Dienstnehmersektion) fallen;<br/>d)	die Entsendung von Vertretern in Körperschaften und Stellen, deren Wirkungsbereich sich über mehr als ein Bundesland erstreckt, gemäß den Vorschlägen der Landarbeiterkammern (Dienstnehmersektion);<br/>e)	die Durchführung gemeinsamer Veranstaltungen;<br/>f)	die Pflege von Beziehungen zu Körperschaften und Organisationen im In- und Ausland, die gleiche oder ähnliche Zwecke verfolgen.",D,,,,1,,,LIVR-00164,,,,,Wien,https://www.landarbeiterkammer.at,"Marco d´Avianogasse 1, AT-1015 Wien",4/5/2013 0:00:00,4/5/2013 0:00:00,,http://www.lobbyreg.justiz.gv.at/edikte/ir/iredi18.nsf/alldoc/9ddac62c1fde2fb3c1257b440027c0eb!OpenDocument
36,"Bio AUSTRIA - Verein zur Förderung des Biologischen Landbaus, Auf der Gugl 3 / 3. OG, AT-4021 Linz",Bio AUSTRIA - Verein zur Förderung des Biologischen Landbaus,"BIO AUSTRIA vertritt rund 12.100 österreichische biobäuerliche Betriebe und ist damit der größte Verband für Bio-Landwirtschaft in Europa. Das Tätigkeitsfeld umfasst agrarpolitische Interessensvertretung auf nationaler und internationaler Ebene, Beratung und Weiterbildung, Qualitätsmanagement, Zusammenarbeit mit Verarbeitern, Bündlern und Vermarktern von Bio-Produkten sowie Medienarbeit und Konsumenteninformation. ",D,,,,3,,,LIVR-00399,,,,,"Auf der Gugl 3 / 3. OG, AT-4021 Linz",http://www.bio-austria.at/,"Auf der Gugl 3 / 3. OG, AT-4021 Linz",7/7/2014 0:00:00,7/7/2014 0:00:00,,http://www.lobbyreg.justiz.gv.at/edikte/ir/iredi18.nsf/alldoc/fd55c179aca65dc3c1257d0e00506340!OpenDocument
82,"GESTRATA - Gesellschaft zur Pflege der Straßenbautechnik mit Asphalt, 1040 Wien",GESTRATA - Gesellschaft zur Pflege der Straßenbautechnik mit Asphalt,"1. Name und Sitz des Vereins<br/>Der Verein führt den Namen GESTRATA – Gesellschaft zur Pflege der Straßenbautechnik mit Asphalt und hat seinen Sitz in Wien. Sein Wirkungsbereich erstreckt sich auf das Gebiet der Republik Österreich<br/>2. Zweck des Vereins<br/>Die Tätigkeit des Vereins ist nicht auf Gewinn gerichtet. Es wird die Förderung der Allgemeinheit bezweckt, indem ihm, durch die in Punkt 3 umschriebenen Mittel, der umweltverträglichste und zugleich wirtschaftlichste Straßenbau mit Asphalt, wissenschaftlich aufbereitet wird. Aufgaben, die den öffentlich-rechtlichen berufsständischen Körperschaften vorbehalten sind, fallen nicht in das Tätigkeitsgebiet des Verein<br/>3. Mittel zur Erreichung dieses Zweckes<br/>3.1 In technisch-wissenschaftlicher und wirtschaftlicher Hinsicht<br/>a) Sammlung aller wissenschaftlichen und technischen Erkenntnisse des In- und Auslandes auf dem Gebiet des Straßenbaues mit Asphalt und laufende Information der Mitglieder des Vereins und interessierte Kreise darüber in Vorträgen und fallweisen oder periodischen Publikationen.<br/>b) Bearbeitung von Forschungsaufgaben betreffend das gegenständliche Fachgebiet im Rahmen der Einrichtungen der Mitgliedsfirmen und sonstiger Institute<br/>c) Beratung der Mitgliedsfirmen bei Ausführung ihrer Bauaufträge durch ständige und gelegentliche Experten<br/>d) Zusammenarbeit mit den zuständigen Baubehörden in allen einschlägigen fachlichen Belangen.<br/>e) Zusammenarbeit mit allen Interessenten der Wirtschaft, des Transportwesens und des Fremdenverkehrs zur Förderung eines sachgemäßen und ausreichenden Straßenbaues.<br/>3.2 In ideeller Hinsicht<br/>a) Herausgabe eines periodisch erscheinenden Journals, Ausarbeitung von Skripten, Lehrbehelfen, Fachbüchern, Folien, Kurs- und Seminarunterlagen zur Schulung, Information und Weiterbildung.<br/>b) Abhaltung von Bauseminaren und Vortragsveranstaltungen mit dem Ziel der Schulung bzw. Information über Neuerungen auf einschlägigen technischen Gebieten.<br/>c) Ausbildung von Mitarbeitern insbesondere von Baufirmen und Behörden auf dem Gebiet des Asphaltstraßenbaues in Form von Kursen, Vorträgen oder ähnlichen Veranstaltungen.<br/>d) Schulung und Information von Lehrpersonal von Höheren Technischen Lehranstalten und ähnlichen Institutionen zur Aus- und Weiterbildung des Nachwuchses auf dem Gebiet des Asphaltstraßenbaues.<br/>e) Organisation und Durchführung von Studienreisen im In- und Ausland zu Informationszwecken über die neusten Entwicklungen einschlägiger Technologien und Vorschriften.<br/>4. Mitgliedschaft<br/>Es werden 5 Gruppen von Mitgliedern unterschieden:<br/>Gründer<br/>Ordentliche Mitglieder<br/>Außerordentliche Mitglieder<br/>Persönliche Mitglieder<br/>Ehrenmitglieder<br/>Ordentliche Mitglieder – können österreichische Baufirmen werden, die sich ausschließlich oder vorwiegend mit neuzeitlichem Straßenbau befassen, für sämtliche Bauweisen mit Asphalt mit allen erforderlichen Maschinen und Geräten eingerichtet sind und langjährige Erfahrungen und Bewährungen auf diesem Gebiet nachweisen können; außerdem können ordentliche Mitglieder alle Firmen der Bindemittelindustrie werden, die sich mit Materialforschung und Kontrolle des Schwarzstraßenbaues befassen, sowie Interessenvertretungen derselben.<br/>Außerordentliche Mitglieder – können werden: <br/>Österreichische Baufirmen, die zwar nicht sämtliche, sondern nur einzelne Spezialzweige des Asphaltstraßenbaues betreiben, hierfür aber entsprechend eingerichtet sind und über langjährige Erfahrungen und anerkannte Bewährung auf diesem Gebiete verfügen.<br/>Führende in- und ausländische Baustofffirmen des Asphaltstraßenbaues.<br/>In- und ausländische Firmen, die sich mit der Erzeugung oder dem Vertrieb von Straßenbaumaschinen befassen.<br/>Persönliche Mitglieder können werden:<br/>Einzelpersonen, die sich in Verwaltung, Wissenschaft oder Wirtschaft Verdienste um Belange des Straßenbaues mit Asphalt erworben haben und bereit sind, die Gesellschaft durch einen Mitgliedsbeitrag zu unterstützen<br/>5. Geschäftsstelle<br/>Die Geschäftsstelle wird von einem Geschäftsführer nach den Weisungen des Vorstandes geleitet.",D,,,,400,,,LIVR-00427,,,,,1040 Wien,,"Karlsgasse 5, AT-1040 Wien",11/3/2014 0:00:00,11/3/2014 0:00:00,,http://www.lobbyreg.justiz.gv.at/edikte/ir/iredi18.nsf/alldoc/e711f794cb78474ac1257d85004dcce2!OpenDocument
3,"ACA - Austrian Cockpit Association, Verband Österreichischer Verkehrspiloten, 1300 Flughafen Wien","ACA - Austrian Cockpit Association, Verband Österreichischer Verkehrspiloten","Der Verein ist nicht gewinnorientiert, gemeinnützig und unpolitisch und verfolgt, unter Beachtung der jeweils geltenden gesetzlichen Vorschriften, folgende Ziele:<br/>•	Förderung der Flugsicherheit;<br/>•	Mitwirkung an der Regelung der Arbeitsbedingungen für Verkehrspilotinnen und Verkehrspiloten;<br/>•	Wahrung und Vertretung der Interessen der Vereinsmitglieder bei Behörden, Körperschaften des öffentlichen Rechtes und Luftfahrtunternehmen;<br/>•	Angebote für Weiterbildung für Verkehrspilotinnen und Verkehrspiloten;<br/>•	Erarbeiten, Anbieten und Vermitteln von Absicherungsformen und -leistungen zur Linderung und/oder Abdeckung von Berufsrisiken der Mitglieder;<br/>•	Förderung gesundheitserhaltender Maßnahmen für Mitglieder zur Reduzierung der Gesundheitsrisiken durch die Berufsausübung;<br/>•	Öffentlichkeitsarbeit zur Wahrung der Interessen der Mitglieder und zur Darstellung des Berufsbildes der Verkehrspilotinnen und Verkehrspiloten;<br/>•	Förderung der Zusammenarbeit und des Zusammenhaltes zwischen den Mitgliedern",D,,,,,,,LIVR-00485,,,,,1300 Flughafen Wien,https://www.aca.or.at,Office Park 3,8/24/2015 0:00:00,8/24/2015 0:00:00,,http://www.lobbyreg.justiz.gv.at/edikte/ir/iredi18.nsf/alldoc/148b9cdc82875fc2c1257eab0040cee7!OpenDocument
7,"Aktienforum - Österreichischer Verband für Aktien-Emittenten und -Investoren, Lothringerstraße 12, 1031 Wien",Aktienforum - Österreichischer Verband für Aktien-Emittenten und -Investoren,"Der Verein bezweckt die Interessensvertretung österreichischer börsenotierter Unternehmen auf nationaler und internationaler Ebene. Des weiteren wird die Förderung der betrieblichen Beteiligungskapitalfinanzierung, insbesondere in Form der Aktie verfolgt.",D,,,,,,,LIVR-00533,,,,,"Lothringerstraße 12, 1031 Wien",http://www.aktienforum.org/bm11,"Lothringerstraße 12, AT-1031 Wien",7/19/2013 0:00:00,7/19/2013 0:00:00,,http://www.lobbyreg.justiz.gv.at/edikte/ir/iredi18.nsf/alldoc/a61a8fdfd0122b8cc1257bad002edfd6!OpenDocument
104,"Industriellenvereinigung, Schwarzenbergplatz 4 1031 Wien",Industriellenvereinigung,"Die IV bezweckt, in Österreich tätige industrielle und im Zusammenhang mit der Industrie stehende Unternehmen sowie deren Eigentümer und Führungskräfte in freier und demokratischer Form zusammenzufassen, Rahmenbedingungen für Bestand und Entscheidungsfreiheit des Unternehmertums zu sichern und Verständnis für Fragen der Wirtschaft und Gesellschaftsordnung zu verbreiten.",D,,,,,,,LIVR-00160,,,,,Schwarzenbergplatz 4 1031 Wien,http://www.iv-net.at/b3041,"Schwarzenbergplatz 4, AT-1031 Wien",4/5/2013 0:00:00,4/5/2013 0:00:00,,http://www.lobbyreg.justiz.gv.at/edikte/ir/iredi18.nsf/alldoc/b8f26beb3c236eaec1257b4400279a2b!OpenDocument
168,"Österreichischer Raiffeisenverband, Friedrich-Wilhelm-Raiffeisen-Platz 1, AT-1020 Wien",Österreichischer Raiffeisenverband,§ 2 der Satzung bestimmt diesen wie folgt:<br/>Zweck des Verbandes ist die Wahrung und die Förderung der Interessen der Raiffeisengenossenschaften Österreichs und der ihnen angeschlossenen oder zugehörigen Institutionen und Gesellschaften.,D,,,,,,,LIVR-00162,,,,,"Friedrich-Wilhelm-Raiffeisen-Platz 1, AT-1020 Wien",http://www.raiffeisenverband.at/impressum/,"Friedrich-Wilhelm-Raiffeisen-Platz 1, AT-1020 Wien",11/3/2015 0:00:00,4/5/2013 0:00:00,,http://www.lobbyreg.justiz.gv.at/edikte/ir/iredi18.nsf/alldoc/e4bbce6837f6c6b7c1257b440027b0dd!OpenDocument
170,"Österreichischer Sparkassenverband, Grimmelshausengasse 1, AT-1030 Wien",Österreichischer Sparkassenverband,"§ 3 der Satzung bestimmt diesen wie folgt: <br/>Der Sparkassenverband hat den Zweck, als Gesamtvertretung des österreichischen<br/>Sparkassenwesens, dessen Interessen sowohl im Verhältnis der Mitglieder zueinander<br/>als auch nach außen hin jederzeit wahrzunehmen und die hierzu erforderlichen Maßnahmen<br/>zu treffen. Er hat seine Aufgaben in demokratischem Geiste auf ausschließlich<br/>fachlicher Grundlage zu erfüllen.",D,,,,,,,LIVR-00076,,,,,"Grimmelshausengasse 1, AT-1030 Wien",http://www.sparkassenverband.at/de/Impressum,"Grimmelshausengasse 1, AT-1030 Wien",3/29/2013 0:00:00,3/29/2013 0:00:00,,http://www.lobbyreg.justiz.gv.at/edikte/ir/iredi18.nsf/alldoc/04f0bc62483fd975c1257b3d003e6b77!OpenDocument
171,"Österreichischer Wasser- und Abfallwirtschaftsverband seit 29.04.2013 keine Interessenvertreter beschäftigt, Wien",Österreichischer Wasser- und Abfallwirtschaftsverband seit 29.04.2013 keine Interessenvertreter beschäftigt,"Der Verband hat die Aufgabe, auf den Gebieten der Wasserwirtschaft und der Abfallwirtschaft und aller damit unmittelbar zusammenhängenden Belange zum Vorteil der Allgemeinheit zu wirken und hiefür alle Kräfte der Wissenschaft, Wirtschaft und Verwaltung zu sammeln, die an der Wasser- und Abfallwirtschaft Anteil haben. Er vertritt in diesem Sinne Interessen seiner Mitglieder sowie der Wasser- und Abfallwirtschaft im Allgemeinen. Seinen Mitgliedern steht er beratend zur Seite.",D,,,,,,,LIVR-00261,,,,,Wien,http://www.oewav.at,"Marc-Aurel-Straße 5, AT-1010 Wien",3/25/2015 0:00:00,4/29/2013 0:00:00,,http://www.lobbyreg.justiz.gv.at/edikte/ir/iredi18.nsf/alldoc/4cfa478bada9f492c1257b5c00276057!OpenDocument
198,"Ring Freiheitlicher Wirtschaftstreibender (RfW) Österreich, Wien",Ring Freiheitlicher Wirtschaftstreibender (RfW) Österreich,"Vereinszweck ist:<br/>a) die Wahrung der Grundsätze der Wirtschaftsfreiheit, der Privatinitiative, des freien Wettbewerbs sowie die Garantie der Unverletzlichkeit des zu Recht erworbenen Eigentums;<br/>b) die Förderung und die Vertretung gemeinsamer Interessen seiner Mitglieder in allen wirtschafts-, sozial-, kultur- und gesellschaftspolitischen Belangen;<br/>c) die Bekämpfung jeglicher wirtschaftsfeindlicher Politik, insbesondere jeder volkswirtschaftlich nicht gerechtfertigten Verstaatlichung;<br/>d) die Durchsetzung einer ausgeglichenen Finanzwirtschaft in allen öffentlich-rechtlichen Körperschaften und deren ausgegliederten Verwaltungseinrichtungen, die durch Sparsamkeit, Transparenz und Wirtschaftlichkeit verwirklicht wird, insbesondere durch Entbürokratisierung und Entpolitisierung;<br/>e) die Erhaltung eines gesunden Mittelstandes unter Wahrung der Rechte, der Ehre und des Berufsethos der Berufsstände.",D,,,,,,,LIVR-00305,,,,,Wien,http://www.rfw-daten.com/index.php?id=30,"Große Neugasse 28/1, AT-1040 Wien",7/29/2013 0:00:00,7/29/2013 0:00:00,,http://www.lobbyreg.justiz.gv.at/edikte/ir/iredi18.nsf/alldoc/b1943bc68dd5d236c1257bb700482393!OpenDocument
237,"Verband der Versicherungsunternehmen Österreichs, Wien",Verband der Versicherungsunternehmen Österreichs,Der Verband der Versicherungsunternehmen Österreichs (VVO) ist ein Verein mit Sitz in Wien. Zweck ist die Förderung der gemeinsamen Interessen der in Österreich tätigen privaten Versicherer.,D,,,,,,,LIVR-00161,,,,,Wien,http://www.vvo.at,"Schwarzenbergplatz 7, AT-1030 Wien",4/5/2013 0:00:00,4/5/2013 0:00:00,,http://www.lobbyreg.justiz.gv.at/edikte/ir/iredi18.nsf/alldoc/4d6bc7a6550dc53fc1257b440027a723!OpenDocument